# BurstLength(ms) BurstStart(s) IngressMax(Bytes) MaxConnections
3 0.848 2109612 17
2 0.852 1981872 13
1 0.855 2024452 14
3 0.857 2146930 17
3 0.861 2042922 17
4 0.865 2120234 18
1 0.870 1652288 14
2 0.873 2102220 17
1 0.907 1781318 18
1 0.910 1589920 15
1 0.932 1754512 16
1 0.990 1660964 17
1 0.998 1584192 16
1 1.020 1625270 16
1 1.024 1667850 16
1 1.074 1601400 17
2 1.088 1821838 17
2 1.154 1833892 16
3 1.166 1901528 17
1 1.172 1834000 17
1 1.188 1715894 16
1 1.192 1578800 15
1 1.223 1610024 17
1 1.294 1841946 17
1 1.300 1912772 17
1 1.302 1727550 17
1 1.305 1589920 15
2 1.309 2176278 18
1 1.322 1756250 16
1 1.416 1595546 15
1 1.419 1612726 16
1 1.482 1618026 17
1 1.487 1667850 16
2 1.534 1983374 17
1 1.542 1687096 17
1 1.548 1837366 17
2 1.558 1591368 15
1 1.562 2577992 18
1 1.564 1616906 16
2 1.566 2447826 17
2 1.580 1713046 17
1 1.588 1676582 17
2 1.593 1697822 17
1 1.602 1704088 17
1 1.605 1591422 15
2 1.609 1869124 16
1 1.613 1983584 16
1 1.622 2100880 16
1 1.625 1632500 16
1 1.630 1579406 16
1 1.641 1602260 16
3 1.644 2248438 17
1 1.648 1676582 17
2 1.654 2290222 21
1 1.663 1591422 15
2 1.665 2108634 17
1 1.669 2036332 17
1 1.672 1672754 17
1 1.674 2017222 16
4 1.680 2618902 18
1 1.688 1871096 15
1 1.692 1625270 16
1 1.776 1586164 16
1 1.845 1589974 16
1 1.848 1734130 16
1 1.870 1580718 16
2 1.964 1710430 16
1 1.968 1591422 15
1 1.986 1582690 16
1 2.112 2084882 17
1 2.190 1600442 16
1 2.317 1742638 17
1 2.329 1918354 16
1 2.333 1625270 15
1 2.657 1710430 16
1 2.704 1576962 15
1 2.790 1719398 15
1 2.859 1570082 13
2 2.861 2021448 14
1 2.865 1632500 16
1 2.867 1634002 16
3 2.869 1591422 15
4 2.887 1791156 17
1 2.900 1670466 15
1 2.942 1584354 16
1 2.945 1745300 16
1 2.997 1667850 16
1 3.001 1894350 17
2 3.005 1889472 16
2 3.012 1801480 17
1 3.020 1651650 17
1 3.042 1795590 16
1 3.053 1625270 16
1 3.059 1711674 17
2 3.117 1797092 16
1 3.386 1795590 16
1 3.473 1563770 17
1 3.520 1572294 15
1 3.632 2039900 18
3 3.636 1812140 17
2 3.699 1676582 17
7 3.702 2283190 18
2 3.710 2067086 16
1 3.713 1704518 18
1 3.715 1614946 16
2 3.720 2231366 18
1 3.724 1799880 15
1 3.749 1625270 16
2 3.753 1745582 17
3 3.757 2192030 17
2 3.764 2084780 19
3 3.769 2017384 17
1 3.801 1580556 15
1 3.808 1588418 15
2 3.816 1834616 16
1 3.826 1605836 16
1 3.834 2189514 17
1 3.997 1577044 15
1 4.006 1957554 18
1 4.015 2155800 18
1 4.018 1737186 17
1 4.059 1599612 16
1 4.065 1795590 16
1 4.068 1632500 16
1 4.073 2403138 16
1 4.080 1578882 14
1 4.082 1676058 17
2 4.085 1899878 14
1 4.088 1592978 16
1 4.094 1870572 17
2 4.099 1674918 17
2 4.102 2123340 17
7 4.112 2438814 17
9 4.120 2786334 20
1 4.136 1870816 17
1 4.171 1582690 16
1 4.206 1582464 16
2 4.208 2213790 18
1 4.258 1625216 16
1 4.350 1649124 16
1 4.373 2326262 18
2 4.376 1723826 16
1 4.382 1598528 13
2 4.384 1731464 17
1 4.448 1577904 15
1 4.451 1597764 16
1 4.454 1581532 17
2 4.456 1962074 18
1 4.475 1710268 16
1 4.491 1582278 16
1 4.499 1626772 16
1 4.543 1567492 16
1 4.611 1582690 15
1 4.620 1679206 17
1 4.622 2115446 16
1 4.638 1582690 16
1 4.657 1953506 17
1 4.665 1697734 17
1 4.667 1973140 15
1 4.670 1759716 17
2 4.676 2186040 17
2 4.714 2063330 17
1 4.721 1596886 17
5 4.723 2195866 18
1 4.729 1899002 16
6 4.733 2151934 19
6 4.741 2447610 18
1 4.750 1886532 17
1 4.862 1589884 17
1 4.980 2059802 16
1 4.983 1634002 16
2 4.988 2362254 17
2 4.991 1864280 16
3 4.995 2450252 17
1 4.999 1723206 17
1 5.025 1582690 16
1 5.208 1816830 17
1 5.230 1778674 15
1 5.239 1584192 15
1 5.312 1619084 16
1 5.360 1575460 15
1 5.389 1742992 17
1 5.391 2143460 17
2 5.394 2042178 18
1 5.398 1613028 17
1 5.402 1863062 17
1 5.404 2172494 17
1 5.428 1576704 16
1 5.545 1625270 16
1 5.620 1670682 17
4 5.622 2684774 18
1 5.629 1589920 15
2 5.631 1876364 17
1 5.636 1633178 17
3 5.642 2069888 18
1 5.649 1692926 16
1 5.651 1635866 15
1 5.653 2193258 17
2 5.655 1814058 17
1 5.664 1827860 15
1 5.671 1676582 17
2 5.674 2108110 16
1 5.680 1591422 15
1 5.686 1974642 15
2 5.688 1661416 17
1 5.706 1676482 14
7 5.709 2450252 16
2 5.718 1924256 16
14 5.724 2586604 20
8 5.740 2067032 15
4 5.749 2336128 18
1 5.766 1589920 15
1 5.770 1675080 17
4 5.778 1973140 17
1 5.788 1924400 14
2 5.790 2175932 18
4 5.793 2653406 19
11 5.798 2575896 18
1 5.813 2039580 16
2 5.817 1632500 16
1 5.828 1632500 16
1 5.873 1955678 16
1 5.923 1819730 17
2 5.926 2039682 17
1 5.930 1634002 16
1 5.933 1592924 15
1 5.935 1589920 15
1 5.952 1582690 16
1 6.021 1934168 16
1 6.074 1564254 16
1 6.076 1633948 16
1 6.085 1568526 13
2 6.090 1909116 15
3 6.098 2060500 17
1 6.108 1774196 17
1 6.121 1881594 16
1 6.126 1787384 17
1 6.136 2230122 17
1 6.138 1591422 15
1 6.157 1582690 16
1 6.173 1635946 17
1 6.188 1680752 16
1 6.239 1625216 16
1 6.257 1626772 15
1 6.260 1626718 16
2 6.282 1702304 16
1 6.314 1575460 15
1 6.342 1625216 16
1 6.352 2045612 17
1 6.359 1621932 15
2 6.372 1935660 17
1 6.402 2154130 17
2 6.420 1679812 16
1 6.423 1622266 16
1 6.427 1567704 16
21 6.464 2972160 19
1 6.486 2198784 19
2 6.494 2003704 17
1 6.498 1941344 16
1 6.509 1640604 17
2 6.511 1643284 17
1 6.514 1601990 16
1 6.517 1591530 17
1 6.519 1782982 18
1 6.523 1592978 16
3 6.526 2102382 17
1 6.539 1591422 15
1 6.591 1742740 17
1 6.606 1584192 16
1 6.608 1798006 17
1 6.630 1580004 17
1 6.632 1600796 15
1 6.656 1614476 16
2 6.667 1843240 13
11 6.672 2769716 19
2 6.684 2022442 18
1 6.708 1667850 16
1 6.747 1594772 18
1 6.750 1612358 15
1 6.787 2090420 18
2 6.789 1676582 17
1 6.793 1632500 16
4 6.799 2122474 17
1 6.855 1586888 16
2 7.427 1765178 17
1 7.525 1749720 16
1 7.590 1641338 16
1 7.646 1564072 16
1 7.656 1564206 15
2 7.661 2007876 17
1 7.664 1632500 16
2 7.666 2022950 14
1 7.674 1591476 16
1 7.679 1676528 17
2 7.694 1742548 18
1 7.700 1627432 17
1 7.702 1732614 16
5 7.704 2491276 18
4 7.720 2362102 16
2 7.726 1832094 18
1 7.729 1749872 15
1 7.732 1949152 14
2 7.734 2194772 18
4 7.738 2152192 17
1 7.758 1632500 16
1 7.760 1591422 15
1 7.762 2164646 17
1 7.766 1591368 15
1 7.768 1802084 14
3 7.771 2319778 18
4 7.776 2368378 14
9 7.781 1969440 16
1 7.793 1946088 16
1 7.795 1589920 15
1 7.801 1582690 16
2 7.834 1964690 16
1 7.839 1710774 18
1 7.846 1778368 16
1 7.848 2143460 17
1 7.850 1589920 15
1 7.855 1711932 16
1 7.859 1563726 16
1 7.864 1604994 16
1 7.918 1827486 18
1 7.939 1894198 16
1 8.074 1656948 15
1 8.079 2228458 17
1 8.082 1589920 15
1 8.148 1694654 16
4 8.157 2153748 17
2 8.164 1591422 15
1 8.171 1632500 16
1 8.173 1676582 17
1 8.175 1696320 16
1 8.177 1874364 14
1 8.180 1909786 16
1 8.187 1634002 16
2 8.189 1617010 18
1 8.197 1591422 15
2 8.203 1887872 17
1 8.206 1635504 16
1 8.212 1591422 15
1 8.216 1591422 15
1 8.220 1889482 15
3 8.228 1816652 15
4 8.232 1981872 14
2 8.237 2153694 18
7 8.240 2274972 18
1 8.248 1744986 13
1 8.252 1589920 15
3 8.255 1970806 17
8 8.259 2477796 18
2 8.268 2109612 16
13 8.271 2795684 20
8 8.285 2165764 19
2 8.302 1930560 17
2 8.308 1606442 16
1 8.311 1930506 15
2 8.314 2102274 17
4 8.321 1957300 16
6 8.326 2561524 17
9 8.333 2166018 18
1 8.344 1749468 18
1 8.371 1605744 16
1 8.467 1682788 17
1 8.471 1629026 16
1 8.520 2196956 18
6 8.524 2404336 17
1 8.532 1968712 15
2 8.535 2059024 17
1 8.540 1865650 17
1 8.590 1707562 15
1 8.617 1580854 14
1 8.622 1637060 17
1 8.638 1974642 16
2 8.644 1847356 16
1 8.711 1784566 17
1 8.754 1625270 16
1 8.772 1710430 16
1 8.859 2099902 17
3 8.861 2186040 17
1 8.868 1916934 17
1 8.872 1588526 17
4 8.877 2026008 16
18 8.883 2720942 19
10 8.902 2585556 19
3 8.913 1981872 13
25 8.918 2768166 19
6 8.945 2492832 17
3 8.952 2285948 17
1 8.957 1943906 14
1 8.963 1589866 14
1 8.966 1932062 15
2 8.969 1932062 16
1 8.973 1599256 17
1 8.975 1630224 18
5 8.979 1890886 17
1 8.986 1591422 15
1 8.990 2232340 19
1 9.000 1563916 15
16 9.003 2672162 19
5 9.020 1955398 16
1 9.026 1569924 15
2 9.029 2321172 17
1 9.042 1756566 17
1 9.046 1682482 15
3 9.049 2810154 19
5 9.053 2026062 16
11 9.059 2397520 18
3 9.073 1955462 17
1 9.097 1736958 16
1 9.129 1636546 15
1 9.156 1565888 15
5 9.159 2373434 17
3 9.166 1903136 16
2 9.172 1937120 17
1 9.175 1759044 16
1 9.177 1589920 15
1 9.180 1974642 16
1 9.185 1673578 17
1 9.197 2139754 17
2 9.200 1591422 15
1 9.206 1676582 17
1 9.209 1783170 17
1 9.229 1724018 16
1 9.234 1582690 16
1 9.237 1673320 18
2 9.248 2295208 18
1 9.256 1676324 18
1 9.260 1753010 16
1 9.263 1667850 16
1 9.269 1694264 15
1 9.271 1716976 17
1 9.285 1735032 18
1 9.287 1630684 16
1 9.302 1587666 16
1 9.310 1652360 17
1 9.355 1673632 17
1 9.362 1653740 15
1 9.379 1582690 16
1 9.643 1743220 16
1 9.646 1740708 16
1 9.653 1573084 16
1 9.686 1663678 17
1 9.688 2137302 18
3 9.690 2085418 17
2 9.694 1974642 16
3 9.699 2064028 16
1 9.706 2096374 17
2 9.731 1577104 17
1 9.734 1576402 15
1 9.737 1634002 16
1 9.739 1591422 15
1 9.742 1708594 17
2 9.749 2705554 18
1 9.800 1625270 16
1 9.822 1586446 15
2 9.825 1737240 17
1 9.830 1955526 17
1 9.935 1589920 15
