# BurstLength(ms) BurstStart(s) IngressMax(Bytes) MaxConnections
6 0.578 2072760 5
6 0.598 2897690 7
3 0.607 1624810 5
15 0.662 2182164 6
4 0.716 2074262 4
13 0.722 3041874 7
1 0.740 1580186 5
28 0.742 3122990 7
1 0.772 1566910 4
4 0.774 2180662 5
1 0.795 1660970 4
4 0.802 2147506 6
5 0.811 1662472 4
2 0.817 1624810 4
3 0.820 2071258 6
6 0.840 2074528 7
1 0.847 1569656 5
1 0.851 1566910 4
3 0.862 2049006 5
3 0.866 2155482 6
167 0.872 3123806 11
1 1.041 1623308 4
3 1.045 2051732 4
34 1.052 2603356 8
1 1.096 1654904 4
2 1.100 1834730 4
1 1.168 1992308 5
1 1.173 1616122 5
1 1.180 1660970 4
1 1.188 1565408 4
1 1.193 1565408 4
1 1.222 1568412 4
3 1.232 1662472 4
1 1.237 1566856 4
2 1.249 1886490 5
44 1.280 2706114 7
1 1.325 1661028 5
2 1.328 1674812 5
1 1.333 1568412 4
1 1.337 1566910 4
2 1.340 1566910 4
27 1.344 2592452 7
15 1.372 2592452 6
4 1.388 1680350 6
5 1.410 2074262 5
70 1.417 3122658 9
9 1.496 2603290 6
219 1.511 3123558 13
9 1.732 2346568 5
1 1.749 1645950 4
2 1.759 1662796 5
143 1.762 3123206 10
1 1.932 1642946 4
3 1.942 2054478 5
69 1.963 3123640 12
2 2.033 1653148 5
3 2.043 2535118 6
1 2.047 1650456 4
4 2.064 2159522 6
1 2.069 1657708 5
1 2.071 1570238 5
11 2.073 2237438 6
4 2.086 2065250 5
9 2.095 2194276 6
1 2.106 1659468 4
25 2.113 2590950 8
41 2.141 3122658 9
493 2.187 3123902 15
39 2.681 3121480 8
2 2.722 1643300 4
1 2.727 1565408 4
4 2.733 1673364 6
2 2.751 1662472 4
3 2.754 2555270 6
4 2.760 2174654 6
1 2.782 1711222 4
1 2.800 1649790 6
1 2.802 1660970 4
26 2.804 2598572 6
2 2.842 2042720 5
22 2.845 3122658 8
5 2.873 2072502 6
25 2.879 3076420 7
1 2.905 1663920 4
299 2.912 3123022 14
5 3.222 2046048 5
2 3.232 1632432 4
28 3.237 3093878 7
1 3.275 1653460 4
23 3.287 3122304 7
3 3.311 2017186 4
1 3.336 1641444 4
1 3.340 1566910 4
1 3.359 1662472 4
1 3.362 1568412 4
33 3.366 2943264 8
1 3.401 1566910 4
3 3.406 2072502 5
4 3.414 1964670 6
1 3.419 1619600 4
3 3.421 2071258 4
5 3.426 2077590 5
1 3.433 1663716 5
43 3.435 3123646 77
1 3.480 1623774 4
3 3.490 2062246 5
1 3.496 1786322 4
7 3.524 2444056 7
3 3.533 2200624 7
2 3.555 1628134 5
4 3.559 2049006 5
26 3.564 2700354 8
1 3.620 1768818 5
3 3.624 1632786 4
2 3.629 2074262 4
3 3.642 2080352 6
1 3.646 1568412 4
1 3.652 1566910 4
4 3.657 2060744 5
1 3.673 1649906 5
1 3.687 1565408 4
19 3.689 2846364 7
1 3.709 1566910 4
18 3.747 3122566 75
4 3.774 2034894 6
3 3.782 1642946 6
1 3.796 1647452 4
1 3.798 1660970 4
2 3.800 1644336 5
3 3.805 2075764 4
4 3.809 2057482 5
9 3.879 2232304 6
3 3.941 2071312 9
430 3.992 3153846 17
1 4.423 1651646 5
3 4.427 2056238 4
3 4.437 2068254 4
1 4.442 1668746 5
3 4.445 2065308 5
2 4.464 1611404 5
21 4.473 3112144 7
1 4.497 1662472 4
1 4.548 1655316 4
1 4.550 1647452 4
2 4.567 1641332 4
1 4.571 1565408 4
3 4.573 2071258 5
1 4.577 1565408 4
8 4.579 2575930 5
1 4.613 1565408 4
4 4.620 2585266 6
23 4.625 3008892 7
1 4.651 1663974 4
1 4.655 1568354 4
3 4.658 2072760 4
7 4.721 2081884 7
1 4.733 1565408 4
2 4.916 1937692 5
2 4.922 1663916 4
28 4.925 3112144 8
2 4.954 1977532 4
1 4.957 1673310 5
6 4.960 2251830 6
2 4.967 1659680 5
1 4.970 1566910 4
4 4.978 2059242 5
42 4.984 3080602 8
1 5.031 1673310 5
8 5.033 2191442 6
23 5.045 2593954 6
1 5.070 1660970 4
1 5.072 1568412 4
20 5.074 2182106 6
1 5.096 1565408 4
3 5.101 1660970 5
7 5.113 2421556 6
4 5.121 2072760 4
6 5.128 2072760 6
1 5.146 1641444 4
1 5.148 1566910 4
10 5.151 2641664 7
1 5.162 1662472 4
2 5.191 2069756 4
1 5.196 1662472 4
2 5.222 1922672 5
3 5.322 2059242 4
8 5.327 2181906 6
8 5.336 2071316 7
4 5.345 2119434 7
6 5.352 2074586 5
1 5.359 1565408 4
3 5.362 2062336 5
3 5.366 2137142 6
1 5.370 1568412 4
1 5.373 1662472 4
5 5.378 2071528 5
3 5.385 2073084 5
594 5.406 3124130 74
286 6.001 2901864 27
11 6.288 2893806 26
56 6.300 2808138 29
88 6.357 3074876 80
23 6.446 2840012 28
673 6.470 3098626 87
4 7.145 2149120 5
5 7.154 2095680 5
77 7.160 3082104 9
1 7.238 1565092 5
4 7.240 2592452 5
1 7.248 1770116 6
21 7.253 3000996 74
11 7.275 2113072 6
4 7.291 2047226 4
57 7.297 3122936 9
1 7.355 1654908 4
5 7.365 2320702 6
2 7.372 1641332 4
1 7.378 1565096 5
1 7.381 1653814 4
2 7.397 1753166 4
2 7.408 2024974 5
3 7.413 2569922 6
1 7.424 1566910 4
4 7.426 2072760 7
1 7.432 1566910 4
1 7.435 1613260 4
25 7.456 3122658 8
1 7.483 1568412 4
7 7.486 2464894 5
2 7.496 1630818 5
9 7.499 2088928 5
1 7.511 1665218 5
2 7.513 1610256 4
1 7.516 1662472 4
1 7.520 1590730 4
5 7.536 2330390 5
70 7.565 3123864 11
34 7.637 3122802 9
5 7.673 2611848 6
2 7.692 1747158 5
2 7.696 1660916 4
3 7.700 2083340 6
35 7.705 3122928 79
3 7.745 1984142 4
3 7.751 2069868 5
1 7.756 1629428 4
1 7.763 1633934 4
3 7.765 2041218 5
1 7.772 1641444 4
1 7.790 1624922 4
1 7.792 1661236 5
1 7.862 1662472 4
22 7.889 3114906 7
1 7.913 1662472 4
3 7.932 2074262 4
1 7.936 1662472 4
3 7.939 1662472 5
4 7.943 1707886 6
1 7.949 1656676 5
1 7.962 1567866 6
22 7.964 2954488 7
1 8.017 1681644 5
2 8.022 1677604 5
28 8.025 3053678 72
1 8.055 1630930 4
9 8.057 3092096 9
13 8.068 2538380 5
6 8.083 2156576 6
23 8.090 2598784 8
4 8.116 2066752 4
2 8.121 1631284 4
1 8.125 1569332 4
130 8.130 3154200 12
42 8.263 3109052 61
1 8.311 1575244 4
56 8.313 3123806 10
1 8.370 1650398 4
4 8.376 2065250 5
3 8.382 2054736 5
2 8.386 1614620 5
162 8.391 3123292 78
2 8.554 2021692 4
78 8.560 3122936 9
22 8.641 2168588 6
4 8.677 2117578 5
276 8.685 3123504 13
3 8.962 2167202 6
4 8.977 2066752 4
1 8.983 1657966 4
3 8.987 2059566 5
15 9.021 2593954 6
2 9.037 1662526 5
1 9.064 1634212 4
1 9.085 1647806 4
2 9.101 1660970 4
1 9.104 1565408 4
4 9.106 2074262 5
7 9.111 2075764 5
50 9.119 3123836 10
1 9.171 1569656 5
1 9.175 1662472 4
3 9.178 1662472 5
1 9.185 1566856 4
1 9.187 1663974 4
3 9.189 1662472 5
4 9.195 2074262 5
1 9.203 1577694 5
1 9.205 1565408 4
48 9.207 3122416 8
5 9.256 2481358 5
2 9.263 1646304 4
44 9.267 3110642 7
3 9.312 2071258 5
21 9.337 2698852 7
2 9.368 1990540 5
3 9.371 2394278 6
1 9.393 1612794 4
3 9.432 2053234 5
1 9.477 1662826 4
1 9.479 1565408 4
1 9.482 1660970 4
3 9.485 2181906 6
4 9.489 2689894 7
2 9.500 1638440 4
6 9.503 2075764 4
4 9.540 2057740 5
3 9.556 2434944 6
1 9.584 1581718 4
5 9.625 2083598 5
1 9.631 1566910 4
2 9.636 1568154 5
1 9.642 1568412 4
1 9.645 1663920 4
2 9.652 1645838 4
2 9.656 1662472 4
4 9.659 2578934 6
3 9.667 2106952 5
23 9.676 2680716 7
6 9.705 2712944 8
1 9.738 1591054 5
1 9.742 1620770 4
2 9.751 1987258 4
6 9.754 2180716 6
5 9.762 2059242 5
56 9.768 3123972 9
5 9.827 2132598 5
28 9.835 2691342 7
8 9.866 2174654 6
4 9.878 2056238 5
1 9.884 1657966 4
4 9.887 2060744 5
1 9.893 1659468 4
1 9.896 1563906 4
86 9.899 3123972 14
3 9.991 1617470 5
1 9.996 1618860 4
