# BurstLength(ms) BurstStart(s) IngressMax(Bytes) MaxConnections
1 0.042 1577694 5
1 0.082 1563906 4
1 0.094 1661024 5
4 0.118 2586052 8
2 0.124 1776720 5
4 0.129 2142796 6
3 0.136 2056238 4
3 0.140 2193002 6
1 0.150 1627814 4
25 0.152 2603236 7
1 0.180 2052448 5
1 0.182 1712424 5
1 0.188 1568412 4
6 0.192 2468276 7
10 0.199 2074262 6
3 0.210 1663974 4
6 0.215 2077008 5
4 0.236 2501162 7
1 0.242 1565408 4
12 0.244 2160266 7
3 0.259 1662472 4
51 0.263 3119654 8
1 0.317 1565408 4
24 0.321 2580436 6
2 0.360 1817532 4
1 0.367 1662472 4
2 0.372 1730174 5
8 0.377 2334440 6
1 0.398 1653460 4
2 0.404 2060744 4
1 0.410 1566910 4
2 0.419 1662472 4
3 0.423 2095884 6
5 0.431 2193060 7
5 0.445 2065250 4
2 0.452 1566910 4
1 0.455 1566910 4
1 0.464 1830100 6
1 0.473 1641444 4
1 0.481 1662472 4
6 0.483 2075506 7
4 0.490 2269092 7
6 0.495 2075764 6
1 0.526 1664298 5
14 0.529 2590950 6
1 0.545 1663974 4
2 0.557 2046160 6
1 0.560 1662472 4
2 0.565 1651858 6
1 0.570 1673310 5
6 0.572 2494934 5
2 0.610 1964470 5
253 0.631 3123156 14
1 0.885 1625978 7
1 0.900 1651958 4
20 0.902 2176156 6
16 1.014 2261362 6
2 1.032 1662418 5
3 1.053 2430236 6
3 1.058 1966554 5
1 1.088 1566910 4
1 1.091 1662418 4
1 1.093 1662472 4
1 1.099 1731676 5
3 1.174 2051732 5
2 1.200 2150954 5
5 1.204 2581938 8
1 1.230 1596662 4
16 1.238 2674762 8
4 1.255 2074262 5
23 1.275 2703682 7
8 1.299 2580436 7
1 1.319 1662472 4
20 1.321 2798112 8
43 1.343 3123452 9
6 1.388 2577432 6
25 1.459 3122658 8
1 1.485 1568154 5
26 1.487 3122982 10
28 1.516 3123392 7
62 1.547 3122658 10
3 1.611 2062246 4
2 1.615 1639830 4
1 1.620 1566910 4
9 1.622 2362848 6
50 1.632 2704360 8
1 1.694 1628280 4
16 1.704 2251310 7
3 1.722 1662472 4
3 1.726 2104090 5
2 1.736 1772472 4
2 1.761 1903690 6
1 1.778 1566968 5
22 1.781 3085332 8
2 1.821 1735924 7
1 1.825 1662472 4
7 1.828 2692790 8
1 1.843 1663974 4
3 1.845 2071536 4
1 1.849 1662472 4
12 1.851 3121480 8
10 1.867 2260622 6
1 1.878 1714794 4
1 1.880 1640628 4
3 1.882 2049842 6
1 1.891 1660970 4
3 1.896 1944356 5
1 1.904 1568100 5
1 1.906 1681440 6
1 1.909 1660970 4
1 1.916 1566910 4
1 1.928 1638328 4
34 1.943 3122658 7
4 1.980 2072760 4
2 2.000 1952712 4
1 2.014 1656206 5
1 2.017 1656464 4
2 2.021 1973740 4
2 2.027 1655316 4
1 2.032 1566910 4
1 2.034 1662214 5
4 2.036 2060744 5
2 2.044 1662414 5
1 2.060 1653460 4
4 2.069 2069756 4
3 2.075 2048680 7
5 2.079 2141110 7
11 2.086 2580436 6
2 2.098 1829548 4
3 2.103 1662472 4
1 2.108 1768872 5
5 2.110 2069756 5
5 2.116 2575188 7
6 2.123 1663974 5
1 2.130 1663920 4
1 2.135 1565408 4
1 2.154 1638794 4
2 2.156 1662472 4
50 2.161 3122694 8
47 2.212 3122982 9
6 2.264 2070080 5
3 2.272 2053234 5
1 2.278 1566910 4
11 2.285 2681514 6
2 2.297 1746938 4
3 2.312 2093434 5
3 2.316 2159634 5
5 2.321 2445256 6
1 2.328 1566910 4
510 2.330 3122924 17
3 2.852 2042774 6
3 2.858 2050230 5
3 2.864 2030704 4
3 2.872 2033708 5
5 2.876 2616574 6
3 2.883 2170148 5
1 2.891 1565196 4
2 2.917 1730636 5
1 2.934 1657482 6
8 2.936 2586444 6
1 2.945 1767370 5
3 2.949 2082096 5
9 2.982 2182164 5
6 2.996 2066752 5
2 3.036 1912378 4
1 3.055 1627926 4
2 3.057 1647340 5
680 3.061 3123204 17
1 3.744 1584256 4
5 3.747 2469288 5
5 3.757 2531148 7
1 3.764 1624922 4
22 3.766 2670638 8
7 3.791 2161136 6
3 3.799 2152124 5
3 3.804 2060744 4
1 3.835 1621048 4
19 3.860 3107962 8
1 3.925 1662472 4
9 3.928 2180662 5
1 3.939 1662472 4
3 3.962 2065250 4
2 3.966 2108920 5
10 3.973 2151866 6
5 3.984 2216106 6
1 4.001 1566910 4
3 4.011 2076088 5
475 4.016 3123676 15
11 4.494 2155482 5
6 4.507 2074262 5
6 4.514 2182164 5
1 4.577 1568412 4
1 4.580 1662472 4
1 4.583 1568412 4
2 4.586 1639830 4
1 4.589 1566910 4
3 4.591 2089152 5
1 4.600 1659468 4
22 4.612 3113646 8
25 4.637 3098368 8
4 4.664 2592452 5
21 4.678 3088112 8
1 4.714 1662472 4
2 4.716 1629316 4
371 4.720 3122982 19
366 5.092 3122990 19
2 5.460 1591796 4
6 5.498 2071258 5
23 5.508 3052388 8
1 5.559 1829306 5
1 5.575 1753278 4
4 5.589 1663716 6
1 5.599 1656464 4
48 5.605 3123902 8
212 5.654 3123972 16
57 5.870 3123918 10
3 5.929 2576200 6
1 5.933 1662472 4
1 5.936 1566910 4
30 5.939 2698594 7
1 5.970 1566910 4
306 5.972 3123922 11
1 6.280 1663974 4
1 6.283 1568412 4
6 6.286 2178232 6
1 6.293 1665218 5
1 6.301 1918768 5
162 6.321 3123558 11
3 6.484 2038214 5
3 6.488 2036712 5
1 6.493 1623774 4
71 6.501 3123918 10
2 6.575 1881818 5
5 6.579 1939518 7
1 6.585 1565408 4
1 6.587 1566910 4
2 6.589 1685650 6
1 6.594 1566910 4
3 6.619 2704506 8
1 6.624 1646062 5
3 6.643 2068254 5
18 6.647 2697350 8
1 6.702 1665808 5
3 6.722 2074262 5
4 6.726 2191446 6
5 6.734 2125442 6
3 6.749 2035080 5
1 6.756 1565408 4
5 6.760 2075764 5
577 6.769 3122990 24
11 7.347 2736644 20
5 7.359 2760842 19
301 7.365 2965006 23
129 7.667 3059274 18
4 7.800 2059242 5
3 7.832 2067996 5
1 7.838 1656206 5
1 7.841 1657966 4
9 7.843 2454380 6
167 7.853 3123094 20
459 8.021 2981470 22
125 8.481 3122982 11
1 8.608 1654962 4
1 8.610 1651958 4
3 8.617 2158132 6
3 8.622 2068254 4
42 8.631 3119824 9
1 8.674 1818792 5
2 8.688 2008134 6
19 8.703 2183732 7
2 8.724 1969176 4
2 8.737 2141776 6
33 8.741 3032408 7
1 8.775 1565408 4
1 8.780 1576246 5
6 8.782 2754870 7
4 8.790 2287062 6
95 8.800 3122658 10
1 8.897 1662414 4
10 8.899 2153626 6
3 8.915 2499198 6
1 8.919 1566910 4
3 8.921 1734156 5
2 8.927 1566910 5
51 8.931 3123918 12
5 8.985 2451588 6
6 8.991 2229412 6
1 8.999 1660970 4
31 9.001 3122358 8
25 9.035 2685334 7
5 9.061 1716514 6
1 9.069 1565408 4
1 9.072 1565408 4
53 9.074 3116408 9
5 9.138 2323926 5
1 9.152 1725368 6
1 9.161 1563906 4
10 9.242 2553732 6
8 9.255 2523472 6
1 9.271 1660970 4
4 9.295 2075764 6
7 9.300 2581204 7
6 9.308 2074262 5
2 9.358 1713652 5
8 9.362 2179160 5
1 9.373 1662472 4
12 9.376 2906482 7
6 9.395 2356148 6
12 9.409 2085046 5
5 9.424 2227578 6
9 9.430 2551898 8
3 9.440 2065250 5
10 9.445 2075764 6
1 9.456 1684148 6
1 9.460 1662472 4
7 9.464 2270540 6
3 9.474 2589448 6
5 9.478 2441592 6
1 9.484 1566910 4
2 9.486 1764212 7
1 9.490 1565408 4
4 9.493 2074262 5
7 9.508 2097998 7
1 9.518 1568412 4
4 9.524 2514024 6
1 9.548 1617744 4
1 9.565 1662414 4
1 9.567 1566910 4
1 9.569 1660970 4
1 9.572 1566910 4
5 9.580 2074262 5
2 9.586 1568154 5
1 9.592 1671808 5
1 9.596 1566910 4
23 9.598 3123902 9
1 9.643 1644448 4
2 9.649 1998096 5
1 9.656 1565408 4
1 9.661 1568412 4
12 9.665 2665974 6
2 9.681 1645838 4
1 9.684 1566910 4
6 9.687 2236950 7
2 9.701 1729312 6
4 9.711 2667180 7
1 9.718 1566910 4
3 9.723 2071000 5
3 9.728 1626778 4
5 9.765 2074262 5
2 9.774 1617300 4
9 9.778 2583162 7
28 9.791 3073992 7
56 9.822 3122732 9
1 9.879 1662472 4
9 9.882 2587946 6
4 9.893 2074262 6
1 9.898 1684094 6
4 9.904 2074262 5
1 9.909 1662472 4
1 9.912 1662472 4
1 9.914 1663974 4
1 9.916 1565408 4
3 9.918 1673252 5
26 9.922 3001652 7
50 9.950 3122770 11
