# Time(s) BytesReceived
0.000 0
0.001 0
0.002 0
0.003 0
0.004 0
0.005 0
0.006 0
0.007 0
0.008 0
0.009 0
0.010 0
0.011 0
0.012 0
0.013 0
0.014 0
0.015 0
0.016 0
0.017 0
0.018 0
0.019 0
0.020 0
0.021 0
0.022 0
0.023 0
0.024 0
0.025 0
0.026 0
0.027 0
0.028 0
0.029 0
0.030 0
0.031 0
0.032 0
0.033 0
0.034 0
0.035 0
0.036 0
0.037 0
0.038 0
0.039 0
0.040 0
0.041 0
0.042 0
0.043 0
0.044 0
0.045 0
0.046 0
0.047 0
0.048 0
0.049 0
0.050 0
0.051 0
0.052 0
0.053 0
0.054 0
0.055 0
0.056 0
0.057 0
0.058 0
0.059 0
0.060 0
0.061 0
0.062 0
0.063 0
0.064 0
0.065 0
0.066 0
0.067 0
0.068 0
0.069 0
0.070 0
0.071 0
0.072 0
0.073 0
0.074 0
0.075 0
0.076 0
0.077 0
0.078 0
0.079 0
0.080 0
0.081 0
0.082 0
0.083 0
0.084 0
0.085 0
0.086 0
0.087 0
0.088 0
0.089 0
0.090 0
0.091 0
0.092 0
0.093 0
0.094 0
0.095 0
0.096 0
0.097 0
0.098 0
0.099 0
0.100 0
0.101 0
0.102 0
0.103 0
0.104 0
0.105 0
0.106 0
0.107 0
0.108 0
0.109 0
0.110 0
0.111 0
0.112 0
0.113 0
0.114 0
0.115 0
0.116 0
0.117 0
0.118 0
0.119 0
0.120 0
0.121 0
0.122 0
0.123 0
0.124 0
0.125 0
0.126 0
0.127 0
0.128 0
0.129 0
0.130 0
0.131 0
0.132 0
0.133 0
0.134 0
0.135 0
0.136 0
0.137 0
0.138 0
0.139 0
0.140 0
0.141 0
0.142 0
0.143 0
0.144 0
0.145 0
0.146 0
0.147 0
0.148 0
0.149 0
0.150 0
0.151 0
0.152 0
0.153 0
0.154 0
0.155 0
0.156 0
0.157 0
0.158 0
0.159 0
0.160 0
0.161 0
0.162 0
0.163 0
0.164 0
0.165 0
0.166 0
0.167 0
0.168 0
0.169 0
0.170 0
0.171 0
0.172 0
0.173 0
0.174 0
0.175 0
0.176 0
0.177 0
0.178 0
0.179 0
0.180 0
0.181 0
0.182 0
0.183 0
0.184 0
0.185 0
0.186 0
0.187 0
0.188 0
0.189 0
0.190 0
0.191 0
0.192 0
0.193 0
0.194 0
0.195 0
0.196 0
0.197 0
0.198 0
0.199 0
0.200 0
0.201 0
0.202 0
0.203 0
0.204 0
0.205 0
0.206 0
0.207 0
0.208 0
0.209 0
0.210 0
0.211 0
0.212 0
0.213 0
0.214 0
0.215 0
0.216 0
0.217 0
0.218 0
0.219 0
0.220 0
0.221 0
0.222 0
0.223 0
0.224 0
0.225 0
0.226 0
0.227 0
0.228 0
0.229 0
0.230 0
0.231 0
0.232 0
0.233 0
0.234 0
0.235 0
0.236 0
0.237 0
0.238 0
0.239 0
0.240 0
0.241 0
0.242 0
0.243 0
0.244 0
0.245 0
0.246 0
0.247 0
0.248 0
0.249 0
0.250 0
0.251 0
0.252 0
0.253 0
0.254 0
0.255 0
0.256 0
0.257 0
0.258 0
0.259 0
0.260 0
0.261 0
0.262 0
0.263 0
0.264 0
0.265 0
0.266 0
0.267 0
0.268 0
0.269 0
0.270 0
0.271 0
0.272 0
0.273 0
0.274 0
0.275 0
0.276 0
0.277 0
0.278 0
0.279 0
0.280 0
0.281 0
0.282 0
0.283 0
0.284 0
0.285 0
0.286 0
0.287 0
0.288 0
0.289 0
0.290 0
0.291 0
0.292 0
0.293 0
0.294 0
0.295 0
0.296 0
0.297 0
0.298 0
0.299 0
0.300 0
0.301 0
0.302 0
0.303 0
0.304 0
0.305 0
0.306 0
0.307 0
0.308 0
0.309 0
0.310 0
0.311 0
0.312 0
0.313 0
0.314 0
0.315 0
0.316 0
0.317 0
0.318 0
0.319 0
0.320 0
0.321 0
0.322 0
0.323 0
0.324 0
0.325 0
0.326 0
0.327 0
0.328 0
0.329 0
0.330 0
0.331 0
0.332 0
0.333 0
0.334 0
0.335 0
0.336 0
0.337 0
0.338 0
0.339 0
0.340 0
0.341 0
0.342 0
0.343 0
0.344 0
0.345 0
0.346 0
0.347 0
0.348 0
0.349 0
0.350 0
0.351 0
0.352 0
0.353 0
0.354 0
0.355 0
0.356 0
0.357 0
0.358 0
0.359 0
0.360 0
0.361 0
0.362 0
0.363 0
0.364 0
0.365 0
0.366 0
0.367 0
0.368 0
0.369 0
0.370 0
0.371 0
0.372 0
0.373 0
0.374 0
0.375 0
0.376 0
0.377 0
0.378 0
0.379 0
0.380 0
0.381 0
0.382 0
0.383 0
0.384 0
0.385 0
0.386 0
0.387 0
0.388 0
0.389 0
0.390 0
0.391 0
0.392 0
0.393 0
0.394 0
0.395 0
0.396 0
0.397 0
0.398 0
0.399 0
0.400 0
0.401 0
0.402 0
0.403 0
0.404 0
0.405 0
0.406 0
0.407 0
0.408 0
0.409 0
0.410 0
0.411 0
0.412 0
0.413 0
0.414 0
0.415 0
0.416 0
0.417 0
0.418 0
0.419 0
0.420 0
0.421 0
0.422 0
0.423 0
0.424 0
0.425 0
0.426 0
0.427 0
0.428 0
0.429 0
0.430 0
0.431 0
0.432 0
0.433 0
0.434 0
0.435 0
0.436 0
0.437 0
0.438 0
0.439 0
0.440 0
0.441 0
0.442 0
0.443 0
0.444 0
0.445 0
0.446 0
0.447 0
0.448 0
0.449 0
0.450 0
0.451 0
0.452 0
0.453 0
0.454 0
0.455 0
0.456 0
0.457 0
0.458 0
0.459 0
0.460 0
0.461 0
0.462 0
0.463 0
0.464 0
0.465 0
0.466 0
0.467 0
0.468 0
0.469 0
0.470 0
0.471 0
0.472 0
0.473 0
0.474 0
0.475 0
0.476 0
0.477 0
0.478 0
0.479 0
0.480 0
0.481 0
0.482 0
0.483 0
0.484 0
0.485 0
0.486 0
0.487 0
0.488 0
0.489 0
0.490 0
0.491 0
0.492 0
0.493 0
0.494 0
0.495 0
0.496 0
0.497 0
0.498 0
0.499 0
0.500 34234
0.501 58
0.502 58
0.503 790
0.504 420730
0.505 518248
0.506 565254
0.507 518248
0.508 153594
0.509 58
0.510 58
0.511 58
0.512 58
0.513 58
0.514 58
0.515 58
0.516 4482
0.517 58
0.518 58
0.519 58
0.520 58
0.521 58
0.522 58
0.523 58
0.524 58
0.525 58
0.526 58
0.527 58
0.528 58
0.529 58
0.530 58
0.531 102306
0.532 489710
0.533 501830
0.534 166
0.535 58
0.536 58
0.537 58
0.538 58
0.539 58
0.540 299068
0.541 516664
0.542 276758
0.543 58
0.544 58
0.545 58
0.546 58
0.547 58
0.548 58
0.549 58
0.550 58
0.551 58
0.552 58
0.553 58
0.554 58
0.555 58
0.556 58
0.557 58
0.558 58
0.559 58
0.560 58
0.561 790
0.562 790
0.563 58
0.564 58
0.565 58
0.566 58
0.567 58
0.568 58
0.569 4482
0.570 790
0.571 58
0.572 790
0.573 34234
0.574 58
0.575 58
0.576 58
0.577 58
0.578 58
0.579 58
0.580 58
0.581 58
0.582 58
0.583 58
0.584 790
0.585 4482
0.586 58
0.587 58
0.588 58
0.589 58
0.590 58
0.591 58
0.592 58
0.593 58
0.594 58
0.595 58
0.596 58
0.597 58
0.598 58
0.599 58
0.600 58
0.601 58
0.602 58
0.603 58
0.604 58
0.605 58
0.606 58
0.607 58
0.608 58
0.609 58
0.610 58
0.611 58
0.612 58
0.613 790
0.614 58
0.615 58
0.616 58
0.617 58
0.618 58
0.619 58
0.620 58
0.621 58
0.622 58
0.623 58
0.624 58
0.625 58
0.626 58
0.627 0
0.628 0
0.629 0
0.630 4424
0.631 0
0.632 0
0.633 0
0.634 0
0.635 18136
0.636 476134
0.637 518190
0.638 75432
0.639 732
0.640 0
0.641 0
0.642 0
0.643 0
0.644 0
0.645 0
0.646 0
0.647 0
0.648 0
0.649 0
0.650 0
0.651 0
0.652 0
0.653 0
0.654 0
0.655 0
0.656 0
0.657 4424
0.658 0
0.659 0
0.660 0
0.661 34176
0.662 0
0.663 0
0.664 0
0.665 0
0.666 0
0.667 34176
0.668 0
0.669 0
0.670 0
0.671 34176
0.672 0
0.673 0
0.674 0
0.675 0
0.676 0
0.677 0
0.678 0
0.679 0
0.680 0
0.681 0
0.682 0
0.683 0
0.684 0
0.685 0
0.686 0
0.687 4424
0.688 0
0.689 0
0.690 0
0.691 4370
0.692 54
0.693 0
0.694 0
0.695 0
0.696 4424
0.697 0
0.698 0
0.699 0
0.700 0
0.701 0
0.702 0
0.703 0
0.704 0
0.705 732
0.706 0
0.707 0
0.708 0
0.709 0
0.710 0
0.711 0
0.712 0
0.713 4424
0.714 0
0.715 732
0.716 106754
0.717 500166
0.718 481704
0.719 0
0.720 0
0.721 0
0.722 0
0.723 0
0.724 0
0.725 0
0.726 0
0.727 0
0.728 0
0.729 0
0.730 0
0.731 0
0.732 1825694
0.733 1507262
0.734 1265684
0.735 0
0.736 0
0.737 1841678
0.738 2221202
0.739 439850
0.740 58486
0.741 0
0.742 1576756
0.743 2375898
0.744 1327266
0.745 0
0.746 0
0.747 0
0.748 0
0.749 0
0.750 0
0.751 0
0.752 0
0.753 0
0.754 0
0.755 732
0.756 0
0.757 0
0.758 732
0.759 0
0.760 0
0.761 0
0.762 0
0.763 0
0.764 0
0.765 1284736
0.766 2419262
0.767 1448182
0.768 0
0.769 0
0.770 720460
0.771 2313294
0.772 1313830
0.773 2877942
0.774 1795410
0.775 223348
0.776 0
0.777 2446398
0.778 1915570
0.779 236672
0.780 0
0.781 4424
0.782 468594
0.783 2465170
0.784 1351002
0.785 58394
0.786 0
0.787 0
0.788 131784
0.789 3078660
0.790 1205390
0.791 16910
0.792 0
0.793 2496526
0.794 1914538
0.795 192000
0.796 568920
0.797 2424432
0.798 1454548
0.799 27424
0.800 1372544
0.801 2360622
0.802 1424784
0.803 443422
0.804 34176
0.805 0
0.806 0
0.807 0
0.808 732
0.809 0
0.810 0
0.811 0
0.812 0
0.813 0
0.814 0
0.815 0
0.816 0
0.817 0
0.818 0
0.819 0
0.820 0
0.821 34176
0.822 0
0.823 0
0.824 0
0.825 0
0.826 0
0.827 2395600
0.828 2174742
0.829 539258
0.830 0
0.831 0
0.832 2301736
0.833 1933492
0.834 353930
0.835 9482
0.836 0
0.837 0
0.838 0
0.839 0
0.840 0
0.841 0
0.842 1993194
0.843 2099558
0.844 412324
0.845 0
0.846 0
0.847 0
0.848 0
0.849 1942472
0.850 2002298
0.851 355810
0.852 0
0.853 0
0.854 0
0.855 0
0.856 0
0.857 0
0.858 0
0.859 0
0.860 0
0.861 58
0.862 34118
0.863 0
0.864 0
0.865 0
0.866 0
0.867 0
0.868 0
0.869 0
0.870 0
0.871 1290690
0.872 2304170
0.873 1506760
0.874 8712
0.875 0
0.876 0
0.877 0
0.878 0
0.879 0
0.880 0
0.881 0
0.882 732
0.883 0
0.884 564144
0.885 2428274
0.886 1265582
0.887 0
0.888 0
0.889 300694
0.890 2946658
0.891 1248580
0.892 102708
0.893 34176
0.894 38600
0.895 0
0.896 0
0.897 0
0.898 34176
0.899 0
0.900 843510
0.901 2594536
0.902 1628974
0.903 991900
0.904 2625598
0.905 1577262
0.906 0
0.907 0
0.908 0
0.909 0
0.910 0
0.911 4424
0.912 0
0.913 34176
0.914 732
0.915 0
0.916 0
0.917 0
0.918 0
0.919 441700
0.920 519692
0.921 518190
0.922 518190
0.923 518190
0.924 519692
0.925 518190
0.926 518190
0.927 519692
0.928 518190
0.929 518190
0.930 519692
0.931 518190
0.932 518190
0.933 519692
0.934 518190
0.935 518190
0.936 518190
0.937 519692
0.938 518190
0.939 518190
0.940 519692
0.941 518190
0.942 518190
0.943 519692
0.944 917276
0.945 2935102
0.946 2087932
0.947 543890
0.948 1019858
0.949 1045310
0.950 572594
0.951 518190
0.952 521194
0.953 519692
0.954 519692
0.955 519692
0.956 519692
0.957 519692
0.958 519692
0.959 519692
0.960 521194
0.961 518190
0.962 519692
0.963 521194
0.964 518190
0.965 553868
0.966 519692
0.967 518922
0.968 519692
0.969 518190
0.970 521194
0.971 518190
0.972 518190
0.973 521194
0.974 518922
0.975 518190
0.976 521194
0.977 518190
0.978 518190
0.979 521194
0.980 518190
0.981 518922
0.982 519692
0.983 519692
0.984 518190
0.985 518190
0.986 521926
0.987 518190
0.988 518190
0.989 519692
0.990 519692
0.991 518190
0.992 518190
0.993 519692
0.994 518190
0.995 519392
0.996 519692
0.997 518190
0.998 518190
0.999 908822
1.000 1036380
1.001 1036380
1.002 1037940
1.003 1411934
1.004 1553800
1.005 1233474
1.006 1039384
1.007 1040804
1.008 1036380
1.009 1037882
1.010 1037882
1.011 1037112
1.012 899698
1.013 519692
1.014 518190
1.015 518190
1.016 519692
1.017 518190
1.018 533250
1.019 3120972
1.020 2568102
1.021 629964
1.022 518190
1.023 519692
1.024 524198
1.025 522696
1.026 727134
1.027 1031874
1.028 898528
1.029 521194
1.030 525700
1.031 520162
1.032 519692
1.033 521194
1.034 521194
1.035 518190
1.036 524116
1.037 519692
1.038 519692
1.039 521194
1.040 519692
1.041 518190
1.042 521194
1.043 518190
1.044 518190
1.045 519692
1.046 519692
1.047 518190
1.048 519692
1.049 519692
1.050 522614
1.051 518190
1.052 521926
1.053 519692
1.054 518190
1.055 521194
1.056 521194
1.057 522696
1.058 524198
1.059 527672
1.060 518190
1.061 518190
1.062 519692
1.063 552366
1.064 518190
1.065 519692
1.066 518922
1.067 552366
1.068 518248
1.069 520370
1.070 518244
1.071 518190
1.072 896806
1.073 1150532
1.074 1002166
1.075 905706
1.076 934244
1.077 962782
1.078 968790
1.079 988180
1.080 989872
1.081 994324
1.082 2912926
1.083 2860308
1.084 1456796
1.085 1030842
1.086 1007842
1.087 589956
1.088 538186
1.089 519692
1.090 518190
1.091 518190
1.092 519692
1.093 518190
1.094 518190
1.095 2139920
1.096 2567888
1.097 1319164
1.098 519692
1.099 518190
1.100 518190
1.101 1720924
1.102 2625230
1.103 1894450
1.104 56746
1.105 0
1.106 0
1.107 0
1.108 2005194
1.109 2097118
1.110 283428
1.111 0
1.112 732
1.113 0
1.114 0
1.115 0
1.116 0
1.117 0
1.118 0
1.119 0
1.120 0
1.121 0
1.122 0
1.123 0
1.124 0
1.125 0
1.126 732
1.127 0
1.128 0
1.129 0
1.130 0
1.131 2648884
1.132 1901598
1.133 476154
1.134 0
1.135 0
1.136 732
1.137 0
1.138 0
1.139 2345332
1.140 1892488
1.141 322664
1.142 0
1.143 0
1.144 0
1.145 0
1.146 0
1.147 0
1.148 678
1.149 54
1.150 0
1.151 0
1.152 0
1.153 0
1.154 0
1.155 58
1.156 441642
1.157 518190
1.158 128002
1.159 0
1.160 0
1.161 0
1.162 31654
1.163 2522
1.164 0
1.165 0
1.166 0
1.167 0
1.168 0
1.169 0
1.170 0
1.171 0
1.172 0
1.173 0
1.174 279484
1.175 512182
1.176 518190
1.177 519692
1.178 2644068
1.179 2410566
1.180 929758
1.181 518190
1.182 518190
1.183 519692
1.184 518190
1.185 518190
1.186 522614
1.187 519692
1.188 518190
1.189 518190
1.190 808386
1.191 3000812
1.192 2503792
1.193 753700
1.194 518190
1.195 518190
1.196 521194
1.197 525700
1.198 519692
1.199 518190
1.200 519692
1.201 521926
1.202 522696
1.203 522696
1.204 519692
1.205 518922
1.206 519692
1.207 521194
1.208 525618
1.209 519692
1.210 522696
1.211 518660
1.212 518190
1.213 520424
1.214 518922
1.215 518190
1.216 519692
1.217 518190
1.218 518922
1.219 518190
1.220 519692
1.221 518190
1.222 518190
1.223 553868
1.224 1405210
1.225 2576202
1.226 1784896
1.227 524164
1.228 522556
1.229 519692
1.230 518190
1.231 518190
1.232 518190
1.233 519692
1.234 518190
1.235 552366
1.236 524116
1.237 518190
1.238 519746
1.239 522696
1.240 519692
1.241 519692
1.242 521194
1.243 521194
1.244 519692
1.245 519692
1.246 519692
1.247 518190
1.248 518922
1.249 519692
1.250 518244
1.251 518190
1.252 519692
1.253 519692
1.254 519692
1.255 518922
1.256 519692
1.257 518190
1.258 519692
1.259 521194
1.260 519692
1.261 519692
1.262 555370
1.263 519692
1.264 521194
1.265 519692
1.266 521194
1.267 519692
1.268 519692
1.269 521194
1.270 518190
1.271 518868
1.272 519746
1.273 518190
1.274 522614
1.275 519692
1.276 518922
1.277 521194
1.278 518190
1.279 519692
1.280 518190
1.281 520424
1.282 521194
1.283 519692
1.284 520424
1.285 521194
1.286 519692
1.287 521194
1.288 519692
1.289 519692
1.290 518190
1.291 519692
1.292 524586
1.293 518190
1.294 518190
1.295 2093616
1.296 2753424
1.297 1984846
1.298 887884
1.299 522696
1.300 553868
1.301 521194
1.302 525700
1.303 527202
1.304 536684
1.305 519692
1.306 2937730
1.307 2612958
1.308 1114984
1.309 518190
1.310 518190
1.311 518190
1.312 519692
1.313 518190
1.314 518190
1.315 519692
1.316 1930742
1.317 2622982
1.318 1739172
1.319 678798
1.320 518190
1.321 518190
1.322 519692
1.323 518190
1.324 518190
1.325 519692
1.326 518190
1.327 518190
1.328 519692
1.329 518190
1.330 518922
1.331 837502
1.332 2839914
1.333 2462768
1.334 1005522
1.335 519692
1.336 522614
1.337 522614
1.338 519692
1.339 518190
1.340 518190
1.341 519692
1.342 518190
1.343 518190
1.344 552366
1.345 519692
1.346 518190
1.347 522560
1.348 519746
1.349 518190
1.350 518190
1.351 519692
1.352 518190
1.353 518190
1.354 519692
1.355 518922
1.356 518190
1.357 518922
1.358 2386664
1.359 2517372
1.360 1364428
1.361 559876
1.362 522696
1.363 521194
1.364 520162
1.365 518190
1.366 552366
1.367 518190
1.368 519692
1.369 518190
1.370 518190
1.371 519692
1.372 518190
1.373 518190
1.374 519692
1.375 518190
1.376 518190
1.377 518190
1.378 519692
1.379 522614
1.380 518190
1.381 519692
1.382 518190
1.383 2552694
1.384 2640158
1.385 1728300
1.386 518190
1.387 519692
1.388 518190
1.389 518190
1.390 922340
1.391 1070556
1.392 689668
1.393 518190
1.394 519692
1.395 518190
1.396 518190
1.397 620366
1.398 3122566
1.399 2481372
1.400 657518
1.401 519692
1.402 2207764
1.403 2694138
1.404 1211326
1.405 563628
1.406 518660
1.407 519692
1.408 518190
1.409 518190
1.410 519692
1.411 518190
1.412 518190
1.413 518190
1.414 1360274
1.415 2596930
1.416 1797556
1.417 706236
1.418 520894
1.419 811192
1.420 1031874
1.421 800898
1.422 518190
1.423 518190
1.424 519692
1.425 1902674
1.426 2584778
1.427 1958842
1.428 524668
1.429 1351354
1.430 2565518
1.431 2010952
1.432 532178
1.433 2214096
1.434 2651418
1.435 1519706
1.436 538186
1.437 524726
1.438 518864
1.439 518248
1.440 896378
1.441 2429336
1.442 2611942
1.443 1683516
1.444 538186
1.445 524198
1.446 544058
1.447 519746
1.448 518190
1.449 518190
1.450 519692
1.451 518190
1.452 518922
1.453 519692
1.454 518190
1.455 522614
1.456 518190
1.457 519692
1.458 518190
1.459 518190
1.460 519692
1.461 518190
1.462 518190
1.463 549844
1.464 951498
1.465 2825032
1.466 2616846
1.467 997358
1.468 518922
1.469 518190
1.470 519692
1.471 2142708
1.472 2536806
1.473 1177138
1.474 518190
1.475 518190
1.476 553868
1.477 3017628
1.478 2391118
1.479 745196
1.480 519692
1.481 518190
1.482 518190
1.483 519692
1.484 1276794
1.485 2692902
1.486 2227148
1.487 689690
1.488 518190
1.489 905818
1.490 1037882
1.491 1070556
1.492 1037112
1.493 1039384
1.494 1037112
1.495 1036380
1.496 1037882
1.497 1037882
1.498 1036380
1.499 1037882
1.500 1037882
1.501 1036380
1.502 1036380
1.503 1039384
1.504 1036380
1.505 1036380
1.506 1053014
1.507 1055424
1.508 1037882
1.509 1037882
1.510 1037882
1.511 1036380
1.512 1037882
1.513 2531288
1.514 2974154
1.515 2595802
1.516 1115802
1.517 1036438
1.518 1037054
1.519 1038614
1.520 1037882
1.521 1036380
1.522 1037882
1.523 1036380
1.524 1037882
1.525 1075904
1.526 3122658
1.527 3035092
1.528 2006068
1.529 1481552
1.530 2965418
1.531 3018406
1.532 1599752
1.533 1037882
1.534 1036380
1.535 1036380
1.536 1287326
1.537 1547060
1.538 1365650
1.539 1037882
1.540 1042306
1.541 1036380
1.542 1037882
1.543 1037882
1.544 1036380
1.545 1037882
1.546 1037882
1.547 1036380
1.548 1036380
1.549 1039384
1.550 1036380
1.551 1036380
1.552 1037882
1.553 1309856
1.554 1547060
1.555 1343120
1.556 1037882
1.557 1036380
1.558 1036380
1.559 1039384
1.560 1036380
1.561 1036380
1.562 1037882
1.563 1072058
1.564 1036380
1.565 1037882
1.566 1037882
1.567 1036380
1.568 1037882
1.569 1037882
1.570 1135390
1.571 3122712
1.572 2920722
1.573 1645438
1.574 1083042
1.575 1037940
1.576 1072000
1.577 1040804
1.578 2477770
1.579 2933388
1.580 2199070
1.581 1142092
1.582 1040116
1.583 2139180
1.584 2803774
1.585 2165638
1.586 1289952
1.587 1048784
1.588 1422506
1.589 1554570
1.590 1222960
1.591 1037882
1.592 1046730
1.593 986780
1.594 58248
1.595 0
1.596 732
1.597 0
1.598 0
1.599 34122
1.600 54
1.601 0
1.602 1214342
1.603 2201482
1.604 1523456
1.605 732
1.606 34176
1.607 0
1.608 0
1.609 4424
1.610 0
1.611 0
1.612 1722818
1.613 2056738
1.614 606184
1.615 0
1.616 0
1.617 5156
1.618 0
1.619 0
1.620 0
1.621 0
1.622 0
1.623 1425762
1.624 2296098
1.625 1302580
1.626 0
1.627 0
1.628 0
1.629 0
1.630 0
1.631 0
1.632 0
1.633 2045380
1.634 2579434
1.635 655838
1.636 0
1.637 0
1.638 0
1.639 0
1.640 0
1.641 0
1.642 0
1.643 0
1.644 0
1.645 34176
1.646 0
1.647 0
1.648 0
1.649 0
1.650 4424
1.651 0
1.652 0
1.653 0
1.654 0
1.655 0
1.656 0
1.657 0
1.658 0
1.659 0
1.660 0
1.661 0
1.662 732
1.663 0
1.664 0
1.665 2637606
1.666 1696186
1.667 179688
1.668 0
1.669 0
1.670 0
1.671 0
1.672 0
1.673 0
1.674 0
1.675 1822274
1.676 2201216
1.677 617730
1.678 0
1.679 0
1.680 0
1.681 0
1.682 0
1.683 0
1.684 0
1.685 0
1.686 0
1.687 0
1.688 2523038
1.689 1598740
1.690 136222
1.691 0
1.692 0
1.693 0
1.694 0
1.695 0
1.696 34176
1.697 0
1.698 409870
1.699 2792892
1.700 1320492
1.701 75386
1.702 4424
1.703 0
1.704 0
1.705 199878
1.706 506174
1.707 381840
1.708 0
1.709 0
1.710 0
1.711 0
1.712 0
1.713 2183482
1.714 1950630
1.715 298632
1.716 0
1.717 4424
1.718 0
1.719 259670
1.720 2875502
1.721 1331660
1.722 131808
1.723 0
1.724 1142884
1.725 2318532
1.726 797316
1.727 0
1.728 2250290
1.729 1762172
1.730 288118
1.731 2871712
1.732 1421974
1.733 49474
1.734 0
1.735 0
1.736 0
1.737 0
1.738 0
1.739 4424
1.740 0
1.741 34908
1.742 0
1.743 0
1.744 0
1.745 0
1.746 0
1.747 0
1.748 4424
1.749 1851514
1.750 2543856
1.751 799390
1.752 256612
1.753 2851756
1.754 1321340
1.755 130776
1.756 0
1.757 0
1.758 0
1.759 0
1.760 0
1.761 0
1.762 0
1.763 0
1.764 732
1.765 4424
1.766 0
1.767 0
1.768 0
1.769 0
1.770 0
1.771 1030812
1.772 2306530
1.773 1005818
1.774 0
1.775 0
1.776 0
1.777 0
1.778 0
1.779 0
1.780 515118
1.781 2493892
1.782 1674790
1.783 0
1.784 0
1.785 826610
1.786 2632270
1.787 1310080
1.788 0
1.789 2633462
1.790 1640588
1.791 1255084
1.792 2400022
1.793 1338056
1.794 15960
1.795 0
1.796 1835992
1.797 1998262
1.798 628242
1.799 0
1.800 0
1.801 0
1.802 0
1.803 0
1.804 0
1.805 0
1.806 0
1.807 0
1.808 0
1.809 0
1.810 0
1.811 2627886
1.812 1622680
1.813 220334
1.814 0
1.815 0
1.816 34176
1.817 2188092
1.818 2016776
1.819 355616
1.820 0
1.821 0
1.822 1803580
1.823 2135966
1.824 616514
1.825 732
1.826 473520
1.827 2522014
1.828 1919514
1.829 241556
1.830 0
1.831 0
1.832 0
1.833 0
1.834 0
1.835 0
1.836 0
1.837 0
1.838 34176
1.839 0
1.840 6028
1.841 3105496
1.842 1859628
1.843 296200
1.844 3004
1.845 3004
1.846 5238
1.847 3004
1.848 3004
1.849 470
1.850 0
1.851 0
1.852 0
1.853 0
1.854 15132
1.855 19044
1.856 338062
1.857 515186
1.858 518190
1.859 518190
1.860 1946324
1.861 2620240
1.862 1588410
1.863 520162
1.864 518190
1.865 518190
1.866 519692
1.867 929850
1.868 1034878
1.869 1037882
1.870 1037882
1.871 1036380
1.872 1037882
1.873 1037882
1.874 1036380
1.875 1037882
1.876 1038614
1.877 1036380
1.878 2408594
1.879 3000158
1.880 2632974
1.881 1178242
1.882 1037882
1.883 1037882
1.884 1040804
1.885 1037882
1.886 1037882
1.887 2947466
1.888 3032088
1.889 2227792
1.890 1807738
1.891 3025028
1.892 3122964
1.893 2310756
1.894 1564052
1.895 1556072
1.896 1556072
1.897 1556072
1.898 1556072
1.899 1556072
1.900 1556072
1.901 2654928
1.902 3123414
1.903 2786332
1.904 1916844
1.905 1556072
1.906 1556072
1.907 1556072
1.908 1556072
1.909 1556072
1.910 1556072
1.911 1556072
1.912 1554570
1.913 2073614
1.914 3122658
1.915 3122004
1.916 3123102
1.917 2684216
1.918 1621230
1.919 1556072
1.920 1556072
1.921 1556072
1.922 1554570
1.923 1557574
1.924 1554570
1.925 1556072
1.926 1557574
1.927 1554570
1.928 1556072
1.929 1556072
1.930 1556072
1.931 1561174
1.932 1556126
1.933 1556072
1.934 1556072
1.935 2368410
1.936 3123128
1.937 3114582
1.938 2711446
1.939 1649112
1.940 1556072
1.941 1556072
1.942 2257870
1.943 3123128
1.944 3025840
1.945 2668208
1.946 1763930
1.947 1556072
1.948 1554570
1.949 1557574
1.950 1588746
1.951 1556072
1.952 1556072
1.953 1556072
1.954 1556072
1.955 1556072
1.956 1556804
1.957 1556072
1.958 1558994
1.959 1729966
1.960 3122658
1.961 3056638
1.962 2109614
1.963 1611840
1.964 1301064
1.965 1036380
1.966 1037882
1.967 1037882
1.968 1036380
1.969 1454048
1.970 1556072
1.971 3024454
1.972 2894144
1.973 1631508
1.974 544194
1.975 518190
1.976 519692
1.977 518190
1.978 518190
1.979 519692
1.980 518190
1.981 518190
1.982 519692
1.983 518190
1.984 518190
1.985 519692
1.986 518190
1.987 518922
1.988 518190
1.989 519692
1.990 518190
1.991 518190
1.992 1704848
1.993 2603916
1.994 1612704
1.995 583348
1.996 53742
1.997 0
1.998 0
1.999 0
2.000 0
2.001 0
2.002 2324736
2.003 2158434
2.004 115470
2.005 0
2.006 0
2.007 0
2.008 0
2.009 0
2.010 0
2.011 1493336
2.012 2456638
2.013 687772
2.014 3474
2.015 1105782
2.016 2377022
2.017 1487132
2.018 11924
2.019 0
2.020 0
2.021 0
2.022 0
2.023 0
2.024 2496558
2.025 1833338
2.026 141004
2.027 0
2.028 34176
2.029 0
2.030 0
2.031 0
2.032 0
2.033 34176
2.034 0
2.035 327548
2.036 515918
2.037 245158
2.038 6602
2.039 3092182
2.040 1159216
2.041 0
2.042 0
2.043 0
2.044 108
2.045 3013154
2.046 1244738
2.047 0
2.048 0
2.049 0
2.050 0
2.051 4424
2.052 151958
2.053 3123700
2.054 1552842
2.055 111512
2.056 0
2.057 0
2.058 0
2.059 0
2.060 0
2.061 0
2.062 0
2.063 0
2.064 0
2.065 0
2.066 732
2.067 34176
2.068 0
2.069 350078
2.070 1181286
2.071 2724898
2.072 2856118
2.073 713368
2.074 519692
2.075 518190
2.076 518190
2.077 519692
2.078 1411204
2.079 2677974
2.080 2162562
2.081 634794
2.082 2086048
2.083 2540106
2.084 1490402
2.085 518190
2.086 518190
2.087 519692
2.088 518190
2.089 518190
2.090 519692
2.091 518190
2.092 518190
2.093 1034594
2.094 2595180
2.095 2413304
2.096 544664
2.097 519692
2.098 552366
2.099 518190
2.100 524848
2.101 518868
2.102 518244
2.103 519692
2.104 518190
2.105 518190
2.106 518190
2.107 519692
2.108 518190
2.109 518190
2.110 519692
2.111 518190
2.112 518190
2.113 519692
2.114 518190
2.115 518922
2.116 519692
2.117 518922
2.118 518190
2.119 518190
2.120 519692
2.121 518248
2.122 552308
2.123 519692
2.124 518190
2.125 518922
2.126 519692
2.127 518190
2.128 518190
2.129 518190
2.130 519692
2.131 518190
2.132 518190
2.133 519692
2.134 518190
2.135 755618
2.136 1027368
2.137 1036380
2.138 1037882
2.139 2569786
2.140 3122082
2.141 2580782
2.142 1097686
2.143 1040886
2.144 1037882
2.145 1039384
2.146 1037882
2.147 1037882
2.148 1039384
2.149 1037882
2.150 1037882
2.151 1036380
2.152 1039384
2.153 1037882
2.154 1036380
2.155 1039384
2.156 1037882
2.157 1036380
2.158 1039384
2.159 1037882
2.160 1036380
2.161 1039384
2.162 1036438
2.163 1042248
2.164 1036380
2.165 1042776
2.166 2189744
2.167 3123976
2.168 2985250
2.169 2282794
2.170 1575506
2.171 1557628
2.172 1557574
2.173 1555302
2.174 1554570
2.175 1557574
2.176 1557574
2.177 1556072
2.178 1559076
2.179 1556072
2.180 1554570
2.181 1556804
2.182 1557574
2.183 1556072
2.184 1919668
2.185 2074262
2.186 2076496
2.187 2073492
2.188 2075764
2.189 2074262
2.190 2074262
2.191 2075764
2.192 2075764
2.193 2074262
2.194 2074262
2.195 2075764
2.196 2074262
2.197 2072760
2.198 2075764
2.199 2074262
2.200 2075764
2.201 2074262
2.202 2075764
2.203 2074262
2.204 2074262
2.205 2075764
2.206 2074262
2.207 2072760
2.208 2075764
2.209 2075764
2.210 2072760
2.211 2077266
2.212 2074262
2.213 2074262
2.214 2074262
2.215 2076496
2.216 2074262
2.217 2074262
2.218 2074262
2.219 2075764
2.220 2072760
2.221 2077266
2.222 2074262
2.223 2074262
2.224 2074262
2.225 2076442
2.226 2074316
2.227 2075764
2.228 2075764
2.229 2074994
2.230 2118664
2.231 2524862
2.232 2629632
2.233 2148192
2.234 2075764
2.235 2074262
2.236 2075764
2.237 2074262
2.238 2075764
2.239 2074262
2.240 1775034
2.241 1557574
2.242 1556072
2.243 1554570
2.244 1556072
2.245 1590248
2.246 1557574
2.247 1556072
2.248 1556072
2.249 1557574
2.250 1555302
2.251 1559076
2.252 1558306
2.253 1556072
2.254 1557574
2.255 1559076
2.256 1557574
2.257 1562080
2.258 1556542
2.259 1556072
2.260 1554570
2.261 1870790
2.262 3123332
2.263 3006728
2.264 2857958
2.265 2246286
2.266 1554570
2.267 1556072
2.268 1556072
2.269 1556072
2.270 1556072
2.271 1103558
2.272 1038614
2.273 1036380
2.274 1037882
2.275 1037882
2.276 1036380
2.277 1996198
2.278 2740690
2.279 3023014
2.280 1883396
2.281 2889756
2.282 2848966
2.283 1288828
2.284 1037882
2.285 1037882
2.286 1036380
2.287 1037882
2.288 1037882
2.289 601972
2.290 518190
2.291 519692
2.292 518190
2.293 518190
2.294 553868
2.295 976594
2.296 2626814
2.297 2494218
2.298 575276
2.299 518190
2.300 518922
2.301 519692
2.302 522560
2.303 2162142
2.304 2615094
2.305 1666064
2.306 1061352
2.307 733308
2.308 518190
2.309 518190
2.310 519692
2.311 518190
2.312 706790
2.313 3123128
2.314 2829940
2.315 826488
2.316 518190
2.317 519692
2.318 553044
2.319 525062
2.320 3110304
2.321 2601524
2.322 683142
2.323 518190
2.324 902780
2.325 2723512
2.326 2443804
2.327 1362528
2.328 702236
2.329 525618
2.330 522696
2.331 521664
2.332 706196
2.333 3122436
2.334 2405692
2.335 772794
2.336 551704
2.337 883740
2.338 2715994
2.339 2556638
2.340 746422
2.341 518190
2.342 518190
2.343 519692
2.344 518190
2.345 518190
2.346 518922
2.347 519692
2.348 2714916
2.349 2327486
2.350 772402
2.351 518190
2.352 518190
2.353 519692
2.354 518868
2.355 518244
2.356 518190
2.357 519692
2.358 518248
2.359 552308
2.360 519692
2.361 518922
2.362 518190
2.363 519692
2.364 518190
2.365 518190
2.366 525008
2.367 3099552
2.368 2696072
2.369 1102368
2.370 541190
2.371 1414470
2.372 2644664
2.373 2194942
2.374 678730
2.375 522614
2.376 519692
2.377 518190
2.378 518190
2.379 518190
2.380 519692
2.381 2193738
2.382 2529480
2.383 1474074
2.384 518190
2.385 518190
2.386 519692
2.387 518190
2.388 2668440
2.389 2467152
2.390 1485528
2.391 520162
2.392 518190
2.393 1212262
2.394 2685862
2.395 2505120
2.396 526640
2.397 518190
2.398 518190
2.399 519692
2.400 518190
2.401 518190
2.402 552366
2.403 520424
2.404 518190
2.405 518190
2.406 520424
2.407 518190
2.408 518190
2.409 519692
2.410 1913426
2.411 2771964
2.412 1533592
2.413 530676
2.414 518190
2.415 518190
2.416 519692
2.417 518190
2.418 518190
2.419 1544674
2.420 2571710
2.421 2282272
2.422 535652
2.423 1500784
2.424 2486004
2.425 1954254
2.426 519692
2.427 518190
2.428 518190
2.429 519692
2.430 2817084
2.431 2816106
2.432 1675134
2.433 879002
2.434 518190
2.435 519692
2.436 518190
2.437 556790
2.438 2010170
2.439 2703916
2.440 1904576
2.441 929964
2.442 519692
2.443 518190
2.444 518190
2.445 2880854
2.446 2633250
2.447 640608
2.448 519692
2.449 518190
2.450 518190
2.451 518190
2.452 519692
2.453 518190
2.454 1390514
2.455 2746490
2.456 1798506
2.457 610384
2.458 524116
2.459 518190
2.460 547270
2.461 3116050
2.462 2827008
2.463 1154396
2.464 2844890
2.465 2099008
2.466 802844
2.467 518190
2.468 519692
2.469 518190
2.470 518190
2.471 519692
2.472 518190
2.473 518190
2.474 518190
2.475 519692
2.476 518190
2.477 518190
2.478 519692
2.479 518190
2.480 518190
2.481 519692
2.482 518190
2.483 518190
2.484 519692
2.485 518190
2.486 518190
2.487 518190
2.488 394992
2.489 0
2.490 2306712
2.491 2236906
2.492 353082
2.493 0
2.494 0
2.495 0
2.496 0
2.497 366252
2.498 2651374
2.499 2218086
2.500 250772
2.501 483644
2.502 518190
2.503 518190
2.504 519692
2.505 518922
2.506 518190
2.507 519692
2.508 518190
2.509 2801940
2.510 2431502
2.511 878690
2.512 518190
2.513 518190
2.514 519692
2.515 518190
2.516 518922
2.517 519692
2.518 518922
2.519 518190
2.520 519692
2.521 518190
2.522 522614
2.523 518922
2.524 519692
2.525 518190
2.526 518190
2.527 519692
2.528 518190
2.529 518190
2.530 519692
2.531 518190
2.532 518190
2.533 518190
2.534 519692
2.535 518190
2.536 518190
2.537 519692
2.538 518190
2.539 518190
2.540 519692
2.541 518248
2.542 522556
2.543 519692
2.544 518190
2.545 518190
2.546 518190
2.547 519692
2.548 518190
2.549 518190
2.550 519692
2.551 518190
2.552 518190
2.553 519692
2.554 518190
2.555 518190
2.556 518190
2.557 519692
2.558 518190
2.559 518190
2.560 519692
2.561 518190
2.562 2441508
2.563 2660900
2.564 1781350
2.565 602588
2.566 518190
2.567 519692
2.568 518190
2.569 805184
2.570 2052734
2.571 2743510
2.572 2616626
2.573 1074308
2.574 1036380
2.575 1036380
2.576 1037882
2.577 2923256
2.578 2819444
2.579 2380628
2.580 1051870
2.581 1036380
2.582 1036380
2.583 1039384
2.584 1117852
2.585 3122766
2.586 2878850
2.587 2059588
2.588 1116180
2.589 1037882
2.590 1037882
2.591 1036380
2.592 1036380
2.593 1039384
2.594 1036380
2.595 1036380
2.596 1037882
2.597 1037882
2.598 1036380
2.599 1037882
2.600 1037882
2.601 1036380
2.602 1036380
2.603 1039384
2.604 1036380
2.605 911384
2.606 2833730
2.607 2854568
2.608 773540
2.609 527202
2.610 522696
2.611 525700
2.612 527202
2.613 524668
2.614 518190
2.615 518190
2.616 519692
2.617 518190
2.618 522614
2.619 535556
2.620 537966
2.621 518190
2.622 519692
2.623 518190
2.624 518190
2.625 518190
2.626 519692
2.627 518190
2.628 1275076
2.629 2718344
2.630 1891436
2.631 786128
2.632 551704
2.633 530676
2.634 518190
2.635 2309592
2.636 2503680
2.637 1140610
2.638 521194
2.639 524198
2.640 521194
2.641 521194
2.642 524198
2.643 521194
2.644 524198
2.645 523166
2.646 518190
2.647 518190
2.648 518190
2.649 553814
2.650 1555896
2.651 2483562
2.652 2073460
2.653 518190
2.654 518190
2.655 519692
2.656 1997316
2.657 2817554
2.658 2021384
2.659 518660
2.660 518190
2.661 552366
2.662 519692
2.663 518190
2.664 518190
2.665 519692
2.666 518190
2.667 1813748
2.668 2670150
2.669 2110186
2.670 524198
2.671 527202
2.672 527202
2.673 524668
2.674 164890
2.675 0
2.676 909982
2.677 2482162
2.678 1150960
2.679 12956
2.680 415828
2.681 3047568
2.682 1921338
2.683 235806
2.684 471628
2.685 519692
2.686 524198
2.687 524198
2.688 519692
2.689 519692
2.690 524198
2.691 524198
2.692 519692
2.693 519692
2.694 522696
2.695 779984
2.696 1027422
2.697 841452
2.698 524116
2.699 518190
2.700 518190
2.701 519692
2.702 518190
2.703 518190
2.704 519692
2.705 518190
2.706 518190
2.707 645414
2.708 3122576
2.709 1987002
2.710 705010
2.711 519692
2.712 518190
2.713 518190
2.714 525672
2.715 522696
2.716 521194
2.717 522696
2.718 522696
2.719 518190
2.720 518190
2.721 519692
2.722 519692
2.723 555370
2.724 522696
2.725 521194
2.726 521194
2.727 521194
2.728 521194
2.729 518190
2.730 518190
2.731 519692
2.732 521194
2.733 519692
2.734 522696
2.735 518660
2.736 518190
2.737 519692
2.738 518190
2.739 552366
2.740 518190
2.741 2206578
2.742 2616892
2.743 1076494
2.744 520424
2.745 518190
2.746 518190
2.747 519692
2.748 525754
2.749 519692
2.750 524116
2.751 518190
2.752 556848
2.753 518864
2.754 519692
2.755 518190
2.756 521194
2.757 556872
2.758 519692
2.759 521194
2.760 519692
2.761 518190
2.762 519692
2.763 520424
2.764 527120
2.765 851746
2.766 1036380
2.767 763348
2.768 519692
2.769 521194
2.770 524198
2.771 519392
2.772 1570846
2.773 2489984
2.774 2282620
2.775 1049144
2.776 545750
2.777 519692
2.778 2917032
2.779 2317874
2.780 879814
2.781 521664
2.782 521194
2.783 524198
2.784 525700
2.785 544112
2.786 518190
2.787 519692
2.788 439756
2.789 0
2.790 0
2.791 0
2.792 0
2.793 0
2.794 0
2.795 0
2.796 0
2.797 0
2.798 0
2.799 732
2.800 0
2.801 0
2.802 0
2.803 0
2.804 58
2.805 4366
2.806 0
2.807 0
2.808 0
2.809 0
2.810 0
2.811 1208372
2.812 2252172
2.813 1138096
2.814 0
2.815 878110
2.816 2671884
2.817 1559606
2.818 0
2.819 34176
2.820 0
2.821 0
2.822 0
2.823 732
2.824 34176
2.825 0
2.826 0
2.827 0
2.828 0
2.829 0
2.830 0
2.831 0
2.832 0
2.833 0
2.834 0
2.835 0
2.836 0
2.837 0
2.838 0
2.839 0
2.840 0
2.841 0
2.842 2114094
2.843 2345970
2.844 521796
2.845 0
2.846 0
2.847 0
2.848 0
2.849 732
2.850 15132
2.851 366488
2.852 516688
2.853 189584
2.854 0
2.855 0
2.856 0
2.857 0
2.858 0
2.859 0
2.860 0
2.861 0
2.862 732
2.863 96240
2.864 488150
2.865 503448
2.866 54
2.867 0
2.868 0
2.869 0
2.870 0
2.871 1480958
2.872 2341116
2.873 952042
2.874 0
2.875 0
2.876 0
2.877 0
2.878 0
2.879 0
2.880 0
2.881 0
2.882 0
2.883 0
2.884 0
2.885 0
2.886 0
2.887 0
2.888 0
2.889 0
2.890 0
2.891 0
2.892 2415110
2.893 2021256
2.894 307930
2.895 4506
2.896 3004
2.897 4506
2.898 3004
2.899 1972
2.900 0
2.901 0
2.902 0
2.903 0
2.904 732
2.905 0
2.906 0
2.907 0
2.908 1464
2.909 0
2.910 0
2.911 0
2.912 0
2.913 2328726
2.914 2053846
2.915 505782
2.916 674
2.917 0
2.918 0
2.919 0
2.920 2072292
2.921 2333024
2.922 406224
2.923 732
2.924 34176
2.925 0
2.926 0
2.927 0
2.928 0
2.929 4424
2.930 0
2.931 0
2.932 0
2.933 0
2.934 0
2.935 732
2.936 0
2.937 34176
2.938 0
2.939 0
2.940 2867698
2.941 1525990
2.942 119792
2.943 0
2.944 0
2.945 0
2.946 0
2.947 0
2.948 0
2.949 0
2.950 0
2.951 0
2.952 91734
2.953 486648
2.954 509456
2.955 54
2.956 0
2.957 4424
2.958 0
2.959 0
2.960 0
2.961 0
2.962 0
2.963 0
2.964 0
2.965 0
2.966 0
2.967 0
2.968 0
2.969 0
2.970 0
2.971 0
2.972 0
2.973 0
2.974 0
2.975 0
2.976 0
2.977 0
2.978 0
2.979 0
2.980 0
2.981 0
2.982 544726
2.983 2350640
2.984 1369666
2.985 78860
