# Time(s) BytesReceived
0.000 0
0.001 0
0.002 0
0.003 0
0.004 0
0.005 0
0.006 0
0.007 0
0.008 0
0.009 0
0.010 0
0.011 0
0.012 0
0.013 0
0.014 0
0.015 0
0.016 0
0.017 0
0.018 0
0.019 0
0.020 0
0.021 0
0.022 0
0.023 0
0.024 0
0.025 0
0.026 0
0.027 0
0.028 0
0.029 0
0.030 0
0.031 0
0.032 0
0.033 0
0.034 0
0.035 0
0.036 0
0.037 0
0.038 0
0.039 0
0.040 0
0.041 0
0.042 0
0.043 0
0.044 0
0.045 0
0.046 0
0.047 0
0.048 0
0.049 0
0.050 0
0.051 0
0.052 0
0.053 0
0.054 0
0.055 0
0.056 0
0.057 0
0.058 0
0.059 0
0.060 0
0.061 0
0.062 0
0.063 0
0.064 0
0.065 0
0.066 0
0.067 0
0.068 0
0.069 0
0.070 0
0.071 0
0.072 0
0.073 0
0.074 0
0.075 0
0.076 0
0.077 0
0.078 0
0.079 0
0.080 0
0.081 0
0.082 0
0.083 0
0.084 0
0.085 0
0.086 0
0.087 0
0.088 0
0.089 0
0.090 0
0.091 0
0.092 0
0.093 0
0.094 0
0.095 0
0.096 0
0.097 0
0.098 0
0.099 0
0.100 0
0.101 0
0.102 0
0.103 0
0.104 0
0.105 0
0.106 0
0.107 0
0.108 0
0.109 0
0.110 0
0.111 0
0.112 0
0.113 0
0.114 0
0.115 0
0.116 0
0.117 0
0.118 0
0.119 0
0.120 0
0.121 0
0.122 0
0.123 0
0.124 0
0.125 0
0.126 0
0.127 0
0.128 0
0.129 0
0.130 0
0.131 0
0.132 0
0.133 0
0.134 0
0.135 0
0.136 0
0.137 0
0.138 0
0.139 0
0.140 0
0.141 0
0.142 0
0.143 0
0.144 0
0.145 0
0.146 0
0.147 0
0.148 0
0.149 0
0.150 0
0.151 0
0.152 0
0.153 0
0.154 0
0.155 0
0.156 0
0.157 0
0.158 0
0.159 0
0.160 0
0.161 0
0.162 0
0.163 0
0.164 0
0.165 0
0.166 0
0.167 0
0.168 0
0.169 0
0.170 0
0.171 0
0.172 0
0.173 0
0.174 0
0.175 0
0.176 0
0.177 0
0.178 0
0.179 0
0.180 0
0.181 0
0.182 0
0.183 0
0.184 0
0.185 0
0.186 0
0.187 0
0.188 0
0.189 0
0.190 0
0.191 0
0.192 0
0.193 0
0.194 0
0.195 0
0.196 0
0.197 0
0.198 0
0.199 0
0.200 0
0.201 0
0.202 0
0.203 0
0.204 0
0.205 0
0.206 0
0.207 0
0.208 0
0.209 0
0.210 0
0.211 0
0.212 0
0.213 0
0.214 0
0.215 0
0.216 0
0.217 0
0.218 0
0.219 0
0.220 0
0.221 0
0.222 0
0.223 0
0.224 0
0.225 0
0.226 0
0.227 0
0.228 0
0.229 0
0.230 0
0.231 0
0.232 0
0.233 0
0.234 0
0.235 0
0.236 0
0.237 0
0.238 0
0.239 0
0.240 0
0.241 0
0.242 0
0.243 0
0.244 0
0.245 0
0.246 0
0.247 0
0.248 0
0.249 0
0.250 0
0.251 0
0.252 0
0.253 0
0.254 0
0.255 0
0.256 0
0.257 0
0.258 0
0.259 0
0.260 0
0.261 0
0.262 0
0.263 0
0.264 0
0.265 0
0.266 0
0.267 0
0.268 0
0.269 0
0.270 0
0.271 0
0.272 0
0.273 0
0.274 0
0.275 0
0.276 0
0.277 0
0.278 0
0.279 0
0.280 0
0.281 0
0.282 0
0.283 0
0.284 0
0.285 0
0.286 0
0.287 0
0.288 0
0.289 0
0.290 0
0.291 0
0.292 0
0.293 0
0.294 0
0.295 0
0.296 0
0.297 0
0.298 0
0.299 0
0.300 0
0.301 0
0.302 0
0.303 0
0.304 0
0.305 0
0.306 0
0.307 0
0.308 0
0.309 0
0.310 0
0.311 0
0.312 0
0.313 0
0.314 0
0.315 0
0.316 0
0.317 0
0.318 0
0.319 0
0.320 0
0.321 0
0.322 0
0.323 0
0.324 0
0.325 0
0.326 0
0.327 0
0.328 0
0.329 0
0.330 0
0.331 0
0.332 0
0.333 0
0.334 0
0.335 0
0.336 0
0.337 0
0.338 0
0.339 0
0.340 0
0.341 0
0.342 0
0.343 0
0.344 0
0.345 0
0.346 0
0.347 0
0.348 0
0.349 0
0.350 0
0.351 0
0.352 0
0.353 0
0.354 0
0.355 0
0.356 0
0.357 0
0.358 0
0.359 0
0.360 0
0.361 0
0.362 0
0.363 0
0.364 0
0.365 0
0.366 0
0.367 0
0.368 0
0.369 0
0.370 0
0.371 0
0.372 0
0.373 0
0.374 0
0.375 0
0.376 0
0.377 0
0.378 0
0.379 0
0.380 0
0.381 0
0.382 0
0.383 0
0.384 0
0.385 0
0.386 0
0.387 0
0.388 0
0.389 0
0.390 0
0.391 0
0.392 0
0.393 0
0.394 0
0.395 0
0.396 0
0.397 0
0.398 0
0.399 0
0.400 0
0.401 0
0.402 0
0.403 0
0.404 0
0.405 0
0.406 0
0.407 0
0.408 0
0.409 0
0.410 0
0.411 0
0.412 0
0.413 0
0.414 0
0.415 0
0.416 0
0.417 0
0.418 0
0.419 0
0.420 0
0.421 0
0.422 0
0.423 0
0.424 0
0.425 0
0.426 0
0.427 0
0.428 0
0.429 0
0.430 0
0.431 0
0.432 0
0.433 0
0.434 0
0.435 0
0.436 0
0.437 0
0.438 0
0.439 0
0.440 0
0.441 0
0.442 0
0.443 0
0.444 0
0.445 0
0.446 0
0.447 0
0.448 0
0.449 0
0.450 0
0.451 0
0.452 0
0.453 0
0.454 0
0.455 0
0.456 0
0.457 0
0.458 0
0.459 0
0.460 0
0.461 0
0.462 0
0.463 0
0.464 0
0.465 0
0.466 0
0.467 0
0.468 0
0.469 0
0.470 0
0.471 0
0.472 0
0.473 0
0.474 0
0.475 0
0.476 0
0.477 0
0.478 0
0.479 0
0.480 0
0.481 0
0.482 0
0.483 0
0.484 0
0.485 0
0.486 0
0.487 0
0.488 0
0.489 0
0.490 0
0.491 0
0.492 0
0.493 0
0.494 0
0.495 0
0.496 0
0.497 0
0.498 0
0.499 0
0.500 106458
0.501 58
0.502 58
0.503 10896
0.504 420730
0.505 518248
0.506 935916
0.507 1036438
0.508 1037940
0.509 1037940
0.510 1036438
0.511 1036438
0.512 1039442
0.513 1036438
0.514 1036438
0.515 1039442
0.516 1142838
0.517 1036438
0.518 1037940
0.519 1037940
0.520 1036438
0.521 1037940
0.522 1037940
0.523 1036438
0.524 1036438
0.525 603260
0.526 518248
0.527 88074
0.528 58
0.529 58
0.530 58
0.531 102306
0.532 491212
0.533 545462
0.534 609516
0.535 519750
0.536 518248
0.537 518248
0.538 518248
0.539 519750
0.540 815756
0.541 1138278
0.542 1037994
0.543 1036438
0.544 1037940
0.545 1037940
0.546 1036438
0.547 1037940
0.548 1037940
0.549 1036438
0.550 1037940
0.551 1036438
0.552 948720
0.553 518248
0.554 519750
0.555 518248
0.556 518248
0.557 519750
0.558 518248
0.559 518248
0.560 519750
0.561 212482
0.562 10896
0.563 58
0.564 58
0.565 58
0.566 58
0.567 58
0.568 58
0.569 49736
0.570 67618
0.571 58
0.572 1302
0.573 336618
0.574 518248
0.575 233200
0.576 58
0.577 58
0.578 58
0.579 58
0.580 58
0.581 58
0.582 58
0.583 58
0.584 10896
0.585 106458
0.586 58
0.587 58
0.588 58
0.589 58
0.590 58
0.591 58
0.592 58
0.593 58
0.594 58
0.595 58
0.596 58
0.597 58
0.598 58
0.599 58
0.600 58
0.601 58
0.602 58
0.603 58
0.604 58
0.605 58
0.606 58
0.607 58
0.608 58
0.609 58
0.610 58
0.611 58
0.612 58
0.613 10896
0.614 58
0.615 58
0.616 58
0.617 58
0.618 58
0.619 58
0.620 58
0.621 58
0.622 58
0.623 58
0.624 58
0.625 58
0.626 58
0.627 0
0.628 0
0.629 0
0.630 106400
0.631 0
0.632 0
0.633 0
0.634 0
0.635 18136
0.636 476134
0.637 518190
0.638 75432
0.639 10838
0.640 0
0.641 0
0.642 0
0.643 0
0.644 0
0.645 0
0.646 0
0.647 0
0.648 0
0.649 0
0.650 0
0.651 0
0.652 0
0.653 0
0.654 0
0.655 0
0.656 0
0.657 106400
0.658 0
0.659 0
0.660 0
0.661 106400
0.662 0
0.663 0
0.664 0
0.665 0
0.666 0
0.667 108256
0.668 492656
0.669 486980
0.670 0
0.671 106400
0.672 0
0.673 0
0.674 0
0.675 0
0.676 0
0.677 0
0.678 0
0.679 0
0.680 0
0.681 0
0.682 0
0.683 0
0.684 0
0.685 0
0.686 0
0.687 106400
0.688 0
0.689 0
0.690 0
0.691 15132
0.692 91268
0.693 0
0.694 0
0.695 0
0.696 106400
0.697 0
0.698 0
0.699 0
0.700 0
0.701 0
0.702 0
0.703 0
0.704 0
0.705 10838
0.706 0
0.707 0
0.708 0
0.709 0
0.710 0
0.711 0
0.712 0
0.713 88730
0.714 17670
0.715 10838
0.716 106754
0.717 500166
0.718 491810
0.719 0
0.720 0
0.721 0
0.722 0
0.723 0
0.724 0
0.725 0
0.726 0
0.727 1275022
0.728 1784570
0.729 1533224
0.730 2014054
0.731 2138888
0.732 308400
0.733 100542
0.734 2450358
0.735 2441924
0.736 381160
0.737 17316
0.738 0
0.739 2497902
0.740 2313154
0.741 463256
0.742 3104372
0.743 1221084
0.744 2846216
0.745 2005986
0.746 1223862
0.747 2305488
0.748 1115760
0.749 1929478
0.750 1910676
0.751 503006
0.752 2914060
0.753 1434276
0.754 513886
0.755 2579268
0.756 1403286
0.757 1280132
0.758 2319524
0.759 1357196
0.760 2992566
0.761 1103918
0.762 131430
0.763 3474
0.764 0
0.765 604746
0.766 2572466
0.767 1913894
0.768 1008136
0.769 2576696
0.770 1032302
0.771 1554290
0.772 2232448
0.773 790562
0.774 2543650
0.775 1565318
0.776 191612
0.777 0
0.778 1196534
0.779 2434752
0.780 1417478
0.781 167236
0.782 1082804
0.783 2337694
0.784 816566
0.785 982510
0.786 2377594
0.787 1259472
0.788 793474
0.789 2740700
0.790 1534510
0.791 3061368
0.792 1890482
0.793 347646
0.794 0
0.795 106400
0.796 0
0.797 1470444
0.798 2130520
0.799 933756
0.800 0
0.801 148810
0.802 2838366
0.803 2358456
0.804 1501866
0.805 1031874
0.806 786040
0.807 3045788
0.808 2263306
0.809 676380
0.810 2627600
0.811 2586964
0.812 851392
0.813 3123036
0.814 2346930
0.815 729420
0.816 2700906
0.817 2485768
0.818 755138
0.819 519692
0.820 967652
0.821 2854852
0.822 2970874
0.823 730232
0.824 1455678
0.825 2329346
0.826 729634
0.827 41402
0.828 0
0.829 0
0.830 0
0.831 2395492
0.832 1891916
0.833 140912
0.834 943620
0.835 2515390
0.836 1478682
0.837 86748
0.838 0
0.839 2960978
0.840 1297022
0.841 2205230
0.842 2151292
0.843 1301612
0.844 2817568
0.845 2212470
0.846 107960
0.847 2115488
0.848 2301850
0.849 479362
0.850 411966
0.851 2749140
0.852 1675996
0.853 229918
0.854 0
0.855 285366
0.856 3014340
0.857 1195070
0.858 231604
0.859 0
0.860 1602398
0.861 2419524
0.862 1706754
0.863 516742
0.864 3030230
0.865 1727074
0.866 648606
0.867 2772610
0.868 1218356
0.869 178278
0.870 1418382
0.871 2087524
0.872 879834
0.873 757680
0.874 2484836
0.875 1645026
0.876 1477992
0.877 2148442
0.878 1416768
0.879 2600350
0.880 1616304
0.881 2112884
0.882 2060904
0.883 298356
0.884 0
0.885 1748660
0.886 1890578
0.887 618762
0.888 2486012
0.889 1635728
0.890 192044
0.891 3110984
0.892 1448448
0.893 436162
0.894 2888988
0.895 2736256
0.896 877750
0.897 180572
0.898 377114
0.899 2391510
0.900 2426082
0.901 960206
0.902 62054
0.903 3122852
0.904 1872686
0.905 764158
0.906 2461502
0.907 1692160
0.908 30888
0.909 0
0.910 0
0.911 106400
0.912 2298932
0.913 2051918
0.914 450188
0.915 2828100
0.916 1679102
0.917 341664
0.918 2823964
0.919 1523650
0.920 602026
0.921 519692
0.922 2641242
0.923 2586852
0.924 1267258
0.925 1335302
0.926 2598184
0.927 1988422
0.928 538094
0.929 2587278
0.930 2555106
0.931 1438128
0.932 1920714
0.933 2679016
0.934 2236262
0.935 518190
0.936 518190
0.937 1027554
0.938 2732618
0.939 2238878
0.940 151008
0.941 1338630
0.942 2505734
0.943 796856
0.944 717348
0.945 2227670
0.946 1295990
0.947 32124
0.948 2581762
0.949 2612042
0.950 1037268
0.951 576376
0.952 3123516
0.953 2250516
0.954 676664
0.955 3122944
0.956 2362614
0.957 1512846
0.958 2589080
0.959 1733644
0.960 2490232
0.961 2311414
0.962 1739888
0.963 2712060
0.964 1975180
0.965 636930
0.966 1408008
0.967 2892880
0.968 2361306
0.969 768008
0.970 2346226
0.971 1507782
0.972 24880
0.973 38552
0.974 3109328
0.975 1206118
0.976 1069826
0.977 2233392
0.978 1377108
0.979 1910022
0.980 2217084
0.981 654194
0.982 2456134
0.983 1719554
0.984 1550978
0.985 2286432
0.986 1272558
0.987 2456696
0.988 1750258
0.989 221366
0.990 660542
0.991 2328488
0.992 1481870
0.993 2289758
0.994 1897628
0.995 379512
0.996 2309662
0.997 1779256
0.998 471810
0.999 3041750
1.000 2543784
1.001 795232
1.002 1010032
1.003 2889868
1.004 2936192
1.005 1755592
1.006 1411704
1.007 3058770
1.008 2942744
1.009 1440346
1.010 1036380
1.011 2175638
1.012 3029350
1.013 2933190
1.014 1097918
1.015 3110574
1.016 2988806
1.017 2162930
1.018 2099862
1.019 2743786
1.020 2532126
1.021 1407772
1.022 2178232
1.023 2815228
1.024 2125902
1.025 556588
1.026 2018040
1.027 2883288
1.028 2684604
1.029 898722
1.030 519692
1.031 2663572
1.032 2788600
1.033 1252606
1.034 2108140
1.035 2753278
1.036 1738654
1.037 608504
1.038 891850
1.039 2816536
1.040 2063318
1.041 773458
1.042 2106492
1.043 2685402
1.044 1981668
1.045 580620
1.046 518190
1.047 2543434
1.048 2373394
1.049 1067564
1.050 1600394
1.051 2603388
1.052 2043084
1.053 535182
1.054 2922678
1.055 2364566
1.056 1338428
1.057 2848456
1.058 2711456
1.059 607880
1.060 3121258
1.061 2209206
1.062 636766
1.063 1424902
1.064 2851736
1.065 2484220
1.066 670728
1.067 3096136
1.068 2664618
1.069 1160758
1.070 2893402
1.071 3056538
1.072 993506
1.073 1034878
1.074 3023760
1.075 3123424
1.076 2310136
1.077 1059990
1.078 3089854
1.079 3025300
1.080 2016134
1.081 3121626
1.082 2865662
1.083 1576006
1.084 1881426
1.085 2808702
1.086 2970076
1.087 1108200
1.088 1037882
1.089 1036380
1.090 1037882
1.091 1305872
1.092 3122658
1.093 3017426
1.094 1050824
1.095 3108872
1.096 2362788
1.097 871820
1.098 3031792
1.099 2430644
1.100 1184086
1.101 749862
1.102 3121350
1.103 2102370
1.104 1822580
1.105 2605694
1.106 2048594
1.107 600902
1.108 1074224
1.109 2739658
1.110 2072892
1.111 786128
1.112 2895654
1.113 2351518
1.114 866204
1.115 2133690
1.116 2781346
1.117 1890414
1.118 676472
1.119 2269054
1.120 2488098
1.121 1580982
1.122 1239136
1.123 2626630
1.124 2105200
1.125 1936204
1.126 2665148
1.127 1956226
1.128 1951662
1.129 2715820
1.130 1724632
1.131 1352906
1.132 2652792
1.133 1821700
1.134 518190
1.135 1895758
1.136 2885482
1.137 2091324
1.138 1403302
1.139 2696560
1.140 2231688
1.141 762658
1.142 2352950
1.143 2540668
1.144 1297196
1.145 1720678
1.146 2703048
1.147 2127638
1.148 1574346
1.149 2646480
1.150 2231470
1.151 565130
1.152 591666
1.153 3121626
1.154 2334260
1.155 667988
1.156 2467426
1.157 2894548
1.158 2487750
1.159 1919018
1.160 2728102
1.161 2843254
1.162 1091504
1.163 3034874
1.164 3122382
1.165 2942994
1.166 1131956
1.167 2766616
1.168 3112634
1.169 1634980
1.170 3112052
1.171 3045054
1.172 1537332
1.173 1880636
1.174 2932394
1.175 2907984
1.176 2146214
1.177 2324566
1.178 2955752
1.179 2798368
1.180 1593644
1.181 2996776
1.182 2726068
1.183 1699824
1.184 1039854
1.185 1037882
1.186 2310036
1.187 2965142
1.188 2740178
1.189 1191136
1.190 3122658
1.191 3014248
1.192 2098436
1.193 1224896
1.194 1458212
1.195 2922238
1.196 2665324
1.197 1658810
1.198 1037882
1.199 1037882
1.200 1036380
1.201 1048720
1.202 1262530
1.203 3123128
1.204 2791482
1.205 2140816
1.206 1286948
1.207 2502680
1.208 2849188
1.209 1812216
1.210 606048
1.211 3118908
1.212 2766652
1.213 662788
1.214 2650648
1.215 2980706
1.216 1045156
1.217 518190
1.218 2296872
1.219 2872682
1.220 1336636
1.221 518190
1.222 2191766
1.223 2914700
1.224 1197226
1.225 2750942
1.226 2664700
1.227 584854
1.228 3108194
1.229 2446992
1.230 1270082
1.231 2760022
1.232 2697836
1.233 766132
1.234 1876416
1.235 2803886
1.236 2645780
1.237 1010194
1.238 3105868
1.239 2376030
1.240 1098342
1.241 2710272
1.242 2123306
1.243 767164
1.244 918832
1.245 2677882
1.246 2333974
1.247 846314
1.248 2853756
1.249 2123684
1.250 1180822
1.251 2576686
1.252 2239164
1.253 3013214
1.254 2205916
1.255 946420
1.256 518190
1.257 518190
1.258 1973922
1.259 2496998
1.260 1681820
1.261 2404612
1.262 2602274
1.263 1767158
1.264 518190
1.265 519692
1.266 2049508
1.267 2728306
1.268 1746130
1.269 532178
1.270 518190
1.271 530476
1.272 2971898
1.273 2503036
1.274 955050
1.275 519692
1.276 1626976
1.277 2528152
1.278 2094696
1.279 561656
1.280 889332
1.281 2855820
1.282 2634006
1.283 1016764
1.284 2888956
1.285 2309656
1.286 723136
1.287 518190
1.288 2461402
1.289 2465476
1.290 1134694
1.291 527672
1.292 624590
1.293 518190
1.294 519692
1.295 2684858
1.296 2652810
1.297 1386274
1.298 781372
1.299 518190
1.300 2345136
1.301 2748080
1.302 1973106
1.303 822212
1.304 2876672
1.305 2618966
1.306 1184638
1.307 547668
1.308 518190
1.309 2248204
1.310 2692728
1.311 1777478
1.312 678352
1.313 558092
1.314 3122852
1.315 2836960
1.316 966168
1.317 3060500
1.318 2529796
1.319 615684
1.320 1194400
1.321 2750540
1.322 2356218
1.323 754964
1.324 1151004
1.325 2831464
1.326 2593360
1.327 609536
1.328 1980584
1.329 2694996
1.330 1190408
1.331 519692
1.332 518190
1.333 555852
1.334 588430
1.335 2036104
1.336 2690994
1.337 1299774
1.338 1343676
1.339 2731484
1.340 2469542
1.341 596580
1.342 518190
1.343 1761578
1.344 2810664
1.345 1652158
1.346 554902
1.347 2438396
1.348 2785896
1.349 1585876
1.350 694496
1.351 518190
1.352 518190
1.353 2842596
1.354 2898818
1.355 971198
1.356 2706930
1.357 2736272
1.358 1720786
1.359 2708586
1.360 1733266
1.361 942714
1.362 2791372
1.363 2796524
1.364 1176944
1.365 2719724
1.366 2706848
1.367 1147674
1.368 546166
1.369 1563968
1.370 2495680
1.371 1724898
1.372 973454
1.373 2856906
1.374 2359028
1.375 786598
1.376 542692
1.377 2951686
1.378 2403434
1.379 948572
1.380 1669070
1.381 2478310
1.382 2049912
1.383 2802464
1.384 2012844
1.385 461522
1.386 398594
1.387 2861228
1.388 1436994
1.389 1100984
1.390 2478800
1.391 1702674
1.392 1685674
1.393 2961098
1.394 2327744
1.395 558182
1.396 2770398
1.397 2569318
1.398 772416
1.399 2558820
1.400 2890106
1.401 1559438
1.402 717672
1.403 3013584
1.404 2153666
1.405 809220
1.406 1611254
1.407 2623820
1.408 1733828
1.409 533680
1.410 518190
1.411 2794476
1.412 2129692
1.413 1238804
1.414 2389324
1.415 1512272
1.416 28824
1.417 1620
1.418 3104312
1.419 1583648
1.420 1744856
1.421 2701270
1.422 1915478
1.423 633506
1.424 3123506
1.425 2157770
1.426 630380
1.427 2113878
1.428 2725496
1.429 1506270
1.430 540158
1.431 1413530
1.432 2648220
1.433 2276530
1.434 590102
1.435 2500600
1.436 2354512
1.437 984322
1.438 3121218
1.439 2302776
1.440 1489242
1.441 2857274
1.442 2486064
1.443 49382
1.444 0
1.445 1796972
1.446 2649422
1.447 854766
1.448 2435214
1.449 2063338
1.450 14928
1.451 1885660
1.452 2518728
1.453 898062
1.454 926212
1.455 2456386
1.456 1169822
1.457 55768
1.458 913132
1.459 2427630
1.460 928368
1.461 59566
1.462 3121644
1.463 2002154
1.464 473832
1.465 518190
1.466 519692
1.467 518190
1.468 519434
1.469 518190
1.470 1161842
1.471 2864600
1.472 2754360
1.473 801594
1.474 3122566
1.475 2483694
1.476 1234794
1.477 3015362
1.478 2667942
1.479 860390
1.480 2625352
1.481 2649650
1.482 1346588
1.483 2801432
1.484 2546972
1.485 329572
1.486 1193590
1.487 2264144
1.488 1405536
1.489 2669922
1.490 2307786
1.491 1628238
1.492 2926356
1.493 2841190
1.494 978162
1.495 519692
1.496 806614
1.497 3027388
1.498 2286554
1.499 722666
1.500 518190
1.501 834244
1.502 3085486
1.503 2767592
1.504 624280
1.505 519692
1.506 1331028
1.507 2877852
1.508 2864190
1.509 1625984
1.510 2526426
1.511 1721822
1.512 3554
1.513 3113692
1.514 1243706
1.515 24788
1.516 580136
1.517 2473862
1.518 1891978
1.519 1448810
1.520 2220998
1.521 1142142
1.522 523352
1.523 2556700
1.524 1311756
1.525 126648
1.526 802092
1.527 2244192
1.528 1339456
1.529 2060368
1.530 2045764
1.531 407348
1.532 2385486
1.533 1690546
1.534 309708
1.535 2970844
1.536 2040726
1.537 686332
1.538 329270
1.539 1365558
1.540 2276602
1.541 1003492
1.542 985962
1.543 2458038
1.544 1384322
1.545 1692636
1.546 2232656
1.547 843694
1.548 1384138
1.549 2450150
1.550 1530792
1.551 0
1.552 671866
1.553 2793556
1.554 2306672
1.555 425398
1.556 0
1.557 0
1.558 705018
1.559 2847526
1.560 1642216
1.561 960888
1.562 2397590
1.563 1244186
1.564 731190
1.565 3123368
1.566 1541490
1.567 574312
1.568 2314214
1.569 1565798
1.570 4976
1.571 2205176
1.572 2015182
1.573 442102
1.574 106400
1.575 231078
1.576 3040940
1.577 1357054
1.578 150626
1.579 106400
1.580 0
1.581 0
1.582 2922722
1.583 1833494
1.584 13988
1.585 0
1.586 0
1.587 832760
1.588 2576052
1.589 1705566
1.590 616434
1.591 3121332
1.592 2722658
1.593 1167864
1.594 542130
1.595 523452
1.596 3069794
1.597 2516802
1.598 565600
1.599 2395676
1.600 2838728
1.601 1784794
1.602 947912
1.603 3122760
1.604 2560204
1.605 905376
1.606 2295878
1.607 2742634
1.608 1832010
1.609 665630
1.610 53042
1.611 3111500
1.612 1660700
1.613 284358
1.614 0
1.615 0
1.616 0
1.617 2636966
1.618 2390382
1.619 199490
1.620 1445326
1.621 2340514
1.622 897960
1.623 2866212
1.624 2020434
1.625 308114
1.626 0
1.627 0
1.628 2836788
1.629 1476424
1.630 30056
1.631 3010582
1.632 1286416
1.633 102484
1.634 3123802
1.635 1534384
1.636 3121820
1.637 1771194
1.638 1276274
1.639 2262492
1.640 1556786
1.641 73322
1.642 0
1.643 0
1.644 2633246
1.645 1733102
1.646 533118
1.647 446426
1.648 127926
1.649 3123046
1.650 1771708
1.651 23000
1.652 0
1.653 671256
1.654 2486014
1.655 1100730
1.656 0
1.657 0
1.658 2910186
1.659 1838314
1.660 403680
1.661 2322650
1.662 2354550
1.663 628050
1.664 1414108
1.665 2311874
1.666 1291004
1.667 3122566
1.668 1947786
1.669 351248
1.670 3006360
1.671 1523456
1.672 340556
1.673 3056866
1.674 1233846
1.675 1126134
1.676 2473804
1.677 1519706
1.678 80740
1.679 2859534
1.680 2158618
1.681 389508
1.682 957516
1.683 2545430
1.684 1598556
1.685 220998
1.686 0
1.687 2270988
1.688 2152978
1.689 728214
1.690 1700628
1.691 2220548
1.692 1102794
1.693 470
1.694 1931920
1.695 2064810
1.696 1108720
1.697 2542602
1.698 1962066
1.699 632474
1.700 0
1.701 1891096
1.702 2071618
1.703 572006
1.704 487542
1.705 2473538
1.706 1874822
1.707 509990
1.708 2947266
1.709 1481870
1.710 126924
1.711 0
1.712 0
1.713 72208
1.714 423790
1.715 2794670
1.716 1683976
1.717 362676
1.718 2911756
1.719 1332610
1.720 126454
1.721 2067370
1.722 2252488
1.723 236202
1.724 0
1.725 2692526
1.726 1767120
1.727 149832
1.728 1950376
1.729 2232012
1.730 501412
1.731 592638
1.732 2628694
1.733 2155818
1.734 30510
1.735 0
1.736 354836
1.737 2921962
1.738 1721638
1.739 132404
1.740 1795578
1.741 2751558
1.742 1391842
1.743 439672
1.744 547622
1.745 2650764
1.746 1031260
1.747 28354
1.748 1611868
1.749 2332272
1.750 1058960
1.751 1555350
1.752 2224584
1.753 1308326
1.754 162
1.755 3015650
1.756 1940920
1.757 280608
1.758 2012120
1.759 2257914
1.760 839566
1.761 2696940
1.762 1978378
1.763 420950
1.764 3070146
1.765 1971464
1.766 1245818
1.767 2546370
1.768 1394948
1.769 1698348
1.770 2106682
1.771 488834
1.772 0
1.773 0
1.774 1527720
1.775 2095034
1.776 890726
1.777 0
1.778 2859810
1.779 1498392
1.780 155278
1.781 0
1.782 2404088
1.783 2082578
1.784 282294
1.785 2702208
1.786 1765564
1.787 692548
1.788 2333832
1.789 1765380
1.790 1373528
1.791 2451182
1.792 1377210
1.793 1872764
1.794 1893122
1.795 785676
1.796 2949192
1.797 1513780
1.798 262410
1.799 488150
1.800 494436
1.801 2231266
1.802 2238960
1.803 1030064
1.804 2672354
1.805 1284914
1.806 858822
1.807 2407072
1.808 1050278
1.809 3118500
1.810 1602316
1.811 467820
1.812 3062404
1.813 1516600
1.814 305972
1.815 3086538
1.816 1393478
1.817 3098158
1.818 2216908
1.819 325396
1.820 2822462
1.821 1180990
1.822 97354
1.823 416742
1.824 2868176
1.825 1914004
1.826 110892
1.827 77750
1.828 0
1.829 1692356
1.830 2315358
1.831 1229626
1.832 0
1.833 1479942
1.834 2263524
1.835 1366134
1.836 2003362
1.837 2401738
1.838 640580
1.839 2415650
1.840 2248534
1.841 487996
1.842 2019398
1.843 2204918
1.844 438144
1.845 1880144
1.846 2248470
1.847 770944
1.848 1715518
1.849 2448944
1.850 1208598
1.851 0
1.852 1061354
1.853 2621756
1.854 1432140
1.855 2234054
1.856 2745686
1.857 1739800
1.858 1692724
1.859 2444520
1.860 1760016
1.861 531000
1.862 2317210
1.863 2404722
1.864 1347620
1.865 2476870
1.866 2548536
1.867 2118176
1.868 1079846
1.869 1037882
1.870 1972366
1.871 2965142
1.872 2593820
1.873 1173256
1.874 2324374
1.875 2984198
1.876 2588576
1.877 1458570
1.878 2701638
1.879 2002768
1.880 650662
1.881 624590
1.882 518190
1.883 1842232
1.884 2711256
1.885 2073852
1.886 530206
1.887 1696754
1.888 2448846
1.889 1662876
1.890 113232
1.891 494158
1.892 2257654
1.893 2676152
1.894 1453240
1.895 552174
1.896 2893610
1.897 2692738
1.898 1365460
1.899 1517778
1.900 2589734
1.901 2533086
1.902 853248
1.903 2765962
1.904 2584070
1.905 1382942
1.906 3122620
1.907 2398846
1.908 652348
1.909 518190
1.910 519692
1.911 792008
1.912 2632832
1.913 1390350
1.914 680888
1.915 3122566
1.916 2303520
1.917 395608
1.918 0
1.919 0
1.920 1327484
1.921 2223634
1.922 962362
1.923 2035034
1.924 2120956
1.925 655326
1.926 3051716
1.927 993608
1.928 0
1.929 698794
1.930 2588048
1.931 1680090
1.932 148160
1.933 16992
1.934 2772256
1.935 2027308
1.936 481600
1.937 10838
1.938 330912
1.939 2749058
1.940 2250884
1.941 866584
1.942 54
1.943 2786476
1.944 2466456
1.945 692124
1.946 3036330
1.947 1886064
1.948 56422
1.949 0
1.950 2206206
1.951 2624678
1.952 1340018
1.953 196910
1.954 1321038
1.955 2183836
1.956 1144776
1.957 35394
1.958 106400
1.959 0
1.960 0
1.961 2376960
1.962 2304598
1.963 1210172
1.964 2955938
1.965 2300266
1.966 813348
1.967 2072584
1.968 2647678
1.969 1850616
1.970 1609860
1.971 3121534
1.972 2799066
1.973 1237944
1.974 1036380
1.975 1041534
1.976 3115826
1.977 2896070
1.978 1687348
1.979 2336644
1.980 2709148
1.981 2419200
1.982 1204900
1.983 2882716
1.984 2667224
1.985 972754
1.986 519692
1.987 1724340
1.988 2643888
1.989 1918584
1.990 1896080
1.991 2414684
1.992 979160
1.993 84490
1.994 2551528
1.995 2071124
1.996 317872
1.997 2694060
1.998 2323000
1.999 796002
2.000 2357772
2.001 1728014
2.002 414338
2.003 2705868
2.004 1173572
2.005 1454278
2.006 2245132
2.007 1370314
2.008 2765662
2.009 1365930
2.010 110218
2.011 0
2.012 367868
2.013 2891554
2.014 1236564
2.015 145234
2.016 46278
2.017 3109722
2.018 1329034
2.019 28446
2.020 38238
2.021 3122290
2.022 2028986
2.023 90406
2.024 264662
2.025 3053862
2.026 1581656
2.027 81680
2.028 1453626
2.029 2415798
2.030 1190960
2.031 2963272
2.032 1213002
2.033 237908
2.034 1017218
2.035 2878700
2.036 2675022
2.037 554396
2.038 0
2.039 0
2.040 1583472
2.041 2361450
2.042 1079518
2.043 2965960
2.044 2004566
2.045 266922
2.046 2998204
2.047 1387428
2.048 0
2.049 763056
2.050 2495496
2.051 1616808
2.052 528366
2.053 2455872
2.054 1486662
2.055 1576504
2.056 2107142
2.057 788498
2.058 1381134
2.059 2387250
2.060 1596696
2.061 2378900
2.062 1993572
2.063 1071348
2.064 2315818
2.065 1224742
2.066 10838
2.067 1738936
2.068 2047910
2.069 927632
2.070 2313054
2.071 2669286
2.072 1824356
2.073 3123460
2.074 2407296
2.075 663138
2.076 518190
2.077 2089376
2.078 2780996
2.079 1472010
2.080 1373700
2.081 2625312
2.082 2116276
2.083 775594
2.084 519746
2.085 518190
2.086 1917548
2.087 2600166
2.088 1905424
2.089 803304
2.090 1200030
2.091 2609546
2.092 2241126
2.093 707360
2.094 1467224
2.095 2589642
2.096 2015928
2.097 1336198
2.098 2889330
2.099 2687710
2.100 1545896
2.101 2741494
2.102 1923816
2.103 659766
2.104 987556
2.105 2703416
2.106 2800810
2.107 904980
2.108 2176476
2.109 2539248
2.110 1676452
2.111 2836062
2.112 2939290
2.113 695436
2.114 1851028
2.115 2740902
2.116 1690270
2.117 1344448
2.118 2671036
2.119 2084346
2.120 1696034
2.121 2657944
2.122 2605832
2.123 610568
2.124 2317734
2.125 2724114
2.126 1071528
2.127 518190
2.128 617038
2.129 3122290
2.130 2191938
2.131 656476
2.132 518190
2.133 553846
2.134 3122290
2.135 2364494
2.136 1591932
2.137 2963916
2.138 3121942
2.139 1677720
2.140 1049190
2.141 2672860
2.142 2996980
2.143 1700304
2.144 2136262
2.145 2951440
2.146 2486780
2.147 1641062
2.148 1668762
2.149 2938382
2.150 3063384
2.151 1552756
2.152 3011234
2.153 2689550
2.154 1363560
2.155 2054128
2.156 2850520
2.157 2440524
2.158 1410710
2.159 2941202
2.160 2967910
2.161 1111674
2.162 2634478
2.163 3007344
2.164 1898476
2.165 1723648
2.166 3098854
2.167 3123618
2.168 2601984
2.169 1987586
2.170 3122096
2.171 3087008
2.172 2388220
2.173 2467884
2.174 3122720
2.175 3117620
2.176 2244774
2.177 1573064
2.178 1559076
2.179 1562080
2.180 1560578
2.181 1575922
2.182 1556542
2.183 1932628
2.184 3121268
2.185 3123608
2.186 3122236
2.187 2538826
2.188 2513718
2.189 3123128
2.190 3123128
2.191 3122852
2.192 3118958
2.193 2386696
2.194 3122658
2.195 3122658
2.196 3122300
2.197 3073776
2.198 2276398
2.199 3019276
2.200 3122658
2.201 3123598
2.202 3122494
2.203 2875338
2.204 2124492
2.205 2076520
2.206 3114648
2.207 3122658
2.208 3122566
2.209 3123516
2.210 2780160
2.211 2366376
2.212 3122658
2.213 3122658
2.214 3122484
2.215 3016104
2.216 2098580
2.217 2074262
2.218 2074262
2.219 2727494
2.220 3122658
2.221 3121912
2.222 3073582
2.223 2586668
2.224 2072760
2.225 3002268
2.226 3122798
2.227 3122096
2.228 3123812
2.229 2571482
2.230 2128770
2.231 2726386
2.232 3123186
2.233 3122012
2.234 3122658
2.235 3122944
2.236 3123092
2.237 3105706
2.238 2580836
2.239 3121626
2.240 3122658
2.241 3123506
2.242 3123148
2.243 2900790
2.244 2103178
2.245 2452878
2.246 2592560
2.247 3109026
2.248 3123598
2.249 3122474
2.250 3122634
2.251 2568828
2.252 2077478
2.253 2074262
2.254 2072760
2.255 2686902
2.256 3123128
2.257 3123036
2.258 3122484
2.259 2896468
2.260 2095198
2.261 2957154
2.262 3122890
2.263 3122566
2.264 3122494
2.265 2572026
2.266 3004894
2.267 3123506
2.268 3122382
2.269 3088612
2.270 2291418
2.271 3018956
2.272 3122216
2.273 3123826
2.274 3121738
2.275 2695476
2.276 2082242
2.277 2072760
2.278 2650584
2.279 3065808
2.280 3122872
2.281 2296782
2.282 2111998
2.283 3109610
2.284 3094702
2.285 2418454
2.286 1576068
2.287 2511260
2.288 3122474
2.289 3007596
2.290 1926866
2.291 3123128
2.292 3105022
2.293 2729072
2.294 2099836
2.295 2280562
2.296 3123460
2.297 2932374
2.298 3105318
2.299 2257178
2.300 2670746
2.301 3122720
2.302 3094180
2.303 2282200
2.304 3123128
2.305 3121932
2.306 3122954
2.307 2881826
2.308 2092664
2.309 2074262
2.310 2072760
2.311 2464336
2.312 3122658
2.313 3123128
2.314 3122634
2.315 3019802
2.316 2088158
2.317 2074262
2.318 2819244
2.319 3122420
2.320 3123128
2.321 3122898
2.322 3121932
2.323 3123332
2.324 2885990
2.325 2513354
2.326 3122114
2.327 3122990
2.328 3122712
2.329 3122652
2.330 2336246
2.331 1563020
2.332 1556072
2.333 1771806
2.334 3116650
2.335 2930790
2.336 2704120
2.337 2421048
2.338 3123414
2.339 2830636
2.340 2383612
2.341 1621792
2.342 2971920
2.343 3094038
2.344 2630594
2.345 1537262
2.346 1037624
2.347 1591782
2.348 2860748
2.349 2857416
2.350 1771810
2.351 2843756
2.352 2972140
2.353 1102754
2.354 2574246
2.355 3004140
2.356 2648546
2.357 1343094
2.358 1036438
2.359 1405926
2.360 1869652
2.361 3016580
2.362 3123168
2.363 2097954
2.364 2883278
2.365 2722226
2.366 1346476
2.367 1039384
2.368 1106828
2.369 2074148
2.370 2836440
2.371 2604048
2.372 2022732
2.373 2963786
2.374 2931024
2.375 1531830
2.376 2720372
2.377 2180188
2.378 758346
2.379 1702346
2.380 2714686
2.381 2256534
2.382 1738680
2.383 2601096
2.384 2174772
2.385 533680
2.386 2612688
2.387 2655944
2.388 843500
2.389 2161650
2.390 2644470
2.391 1746038
2.392 1433996
2.393 2515390
2.394 1731040
2.395 1751646
2.396 2383980
2.397 1248682
2.398 487412
2.399 2721450
2.400 1269046
2.401 1140554
2.402 2716678
2.403 1980092
2.404 537680
2.405 0
2.406 1996630
2.407 1992070
2.408 578198
2.409 0
2.410 816912
2.411 2483684
2.412 1829956
2.413 1068680
2.414 2641236
2.415 2187728
2.416 65996
2.417 0
2.418 2600634
2.419 2010278
2.420 285842
2.421 2983134
2.422 2104478
2.423 139334
2.424 3015742
2.425 1886388
2.426 36988
2.427 0
2.428 0
2.429 207802
2.430 3072744
2.431 2054602
2.432 702596
2.433 1867558
2.434 2275284
2.435 876352
2.436 2839076
2.437 1470368
2.438 668366
2.439 841506
2.440 516688
2.441 201342
2.442 2213566
2.443 2253612
2.444 547780
2.445 9482
2.446 0
2.447 1326360
2.448 2356086
2.449 1214154
2.450 3117324
2.451 1098196
2.452 0
2.453 0
2.454 2834470
2.455 1984996
2.456 1610492
2.457 2334424
2.458 507556
2.459 0
2.460 2434
2.461 1911378
2.462 2218954
2.463 851582
2.464 143054
2.465 3122800
2.466 1708996
2.467 262390
2.468 172662
2.469 3123240
2.470 1387898
2.471 2994476
2.472 1470508
2.473 5916
2.474 0
2.475 2642668
2.476 1785652
2.477 0
2.478 897858
2.479 2363320
2.480 1276704
2.481 3122290
2.482 1068728
2.483 1430236
2.484 2195014
2.485 632750
2.486 0
2.487 0
2.488 0
2.489 0
2.490 0
2.491 1468818
2.492 2140278
2.493 648904
2.494 0
2.495 0
2.496 2507780
2.497 1801694
2.498 219138
2.499 1242594
2.500 2570320
2.501 2038504
2.502 600994
2.503 518190
2.504 518190
2.505 520936
2.506 518190
2.507 1484264
2.508 2685954
2.509 2710332
2.510 636974
2.511 3122998
2.512 2227148
2.513 595170
2.514 521664
2.515 519692
2.516 529028
2.517 2232952
2.518 2829458
2.519 975400
2.520 2374702
2.521 2710964
2.522 486742
2.523 2118282
2.524 2558212
2.525 770658
2.526 2123938
2.527 2364770
2.528 106458
2.529 1706890
2.530 2543488
2.531 309156
2.532 2525058
2.533 2592134
2.534 290468
2.535 1900864
2.536 2653808
2.537 171708
2.538 0
2.539 1594942
2.540 2772896
2.541 1015000
2.542 131222
2.543 0
2.544 1341542
2.545 2359100
2.546 1202774
2.547 35864
2.548 2104504
2.549 2073842
2.550 420294
2.551 1483324
2.552 2436070
2.553 1488266
2.554 2368132
2.555 2041166
2.556 359662
2.557 2891222
2.558 2059680
2.559 201278
2.560 0
2.561 2198914
2.562 1974148
2.563 255258
2.564 1449752
2.565 2298918
2.566 1154342
2.567 14928
2.568 1505492
2.569 2502464
2.570 1913036
2.571 580620
2.572 2285484
2.573 2644940
2.574 1685304
2.575 569636
2.576 2677906
2.577 2470554
2.578 794596
2.579 1757142
2.580 2635080
2.581 2186788
2.582 2778832
2.583 2306356
2.584 941784
2.585 774856
2.586 3018710
2.587 2164780
2.588 1759312
2.589 2647804
2.590 2300154
2.591 38960
2.592 7510
2.593 4976
2.594 2421388
2.595 2280988
2.596 250476
2.597 9012
2.598 9012
2.599 10514
2.600 346402
2.601 2774296
2.602 1733504
2.603 276950
2.604 12016
2.605 470366
2.606 2777780
2.607 1320546
2.608 23940
2.609 15020
2.610 470
2.611 2747538
2.612 1673186
2.613 92756
2.614 2501680
2.615 2194758
2.616 413162
2.617 2821352
2.618 1648350
2.619 1072630
2.620 2588678
2.621 1528708
2.622 2653946
2.623 2318576
2.624 677708
2.625 0
2.626 0
2.627 0
2.628 0
2.629 2747754
2.630 1727820
2.631 208226
2.632 2525134
2.633 2187340
2.634 1177536
2.635 2417014
2.636 1761528
2.637 22908
2.638 0
2.639 2247594
2.640 1907120
2.641 316186
2.642 0
2.643 0
2.644 0
2.645 2760586
2.646 1613484
2.647 139410
2.648 0
2.649 2011362
2.650 2638628
2.651 1428258
2.652 300402
2.653 628308
2.654 2588426
2.655 1689984
2.656 262786
2.657 3123094
2.658 1426480
2.659 162
2.660 3058246
2.661 2175068
2.662 539596
2.663 2745120
2.664 2320888
2.665 1193940
2.666 2296762
2.667 1192730
2.668 162
2.669 3020032
2.670 1820290
2.671 226536
2.672 1329342
2.673 2324636
2.674 1537546
2.675 129320
2.676 3122872
2.677 1858886
2.678 2646912
2.679 1775894
2.680 204670
2.681 1720900
2.682 2613122
2.683 1688032
2.684 986814
2.685 1695360
2.686 3122096
2.687 2600912
2.688 1968998
2.689 1036380
2.690 1036380
2.691 2778610
2.692 2914360
2.693 2412926
2.694 1153730
2.695 1614530
2.696 3122712
2.697 2896590
2.698 2982398
2.699 1193368
2.700 1036380
2.701 2518168
2.702 2807700
2.703 1407374
2.704 2595180
2.705 2195310
2.706 642120
2.707 1055460
2.708 2576686
2.709 2242536
2.710 1927878
2.711 2577452
2.712 1694676
2.713 3116650
2.714 2294772
2.715 887694
2.716 3123700
2.717 2064922
2.718 737022
2.719 2124830
2.720 2577462
2.721 1196470
2.722 518660
2.723 2344174
2.724 3079764
2.725 2199228
2.726 648588
2.727 518190
2.728 1265518
2.729 2738902
2.730 2249004
2.731 1390868
2.732 2737308
2.733 2772476
2.734 2727164
2.735 2790010
2.736 1555856
2.737 2693658
2.738 2118422
2.739 920882
2.740 518190
2.741 2971012
2.742 2380720
2.743 813818
2.744 520936
2.745 971348
2.746 2663618
2.747 2251640
2.748 573396
2.749 2821790
2.750 2648764
2.751 1003458
2.752 1774842
2.753 2815596
2.754 2519716
2.755 640138
2.756 518190
2.757 940364
2.758 2969186
2.759 2879134
2.760 1161672
2.761 3121534
2.762 2407378
2.763 820702
2.764 873746
2.765 3051954
2.766 2651346
2.767 1505126
2.768 1036380
2.769 2119146
2.770 2948528
2.771 2644466
2.772 1047364
2.773 1856894
2.774 3122998
2.775 2858888
2.776 2360816
2.777 1640918
2.778 2939792
2.779 2593238
2.780 1423078
2.781 1036380
2.782 1037882
2.783 1036380
2.784 1037882
2.785 3006440
2.786 2705892
2.787 1326776
2.788 1908390
2.789 2616126
2.790 2047746
2.791 635070
2.792 518190
2.793 518190
2.794 2797212
2.795 2554186
2.796 1399434
2.797 878116
2.798 2639862
2.799 2155366
2.800 713838
2.801 2925406
2.802 2620182
2.803 1426926
2.804 3123506
2.805 2683892
2.806 705080
2.807 3080712
2.808 2662350
2.809 831280
2.810 1549618
2.811 2533884
2.812 1858310
2.813 1395020
2.814 2631790
2.815 1986174
2.816 1707636
2.817 2438226
2.818 1682198
2.819 796172
2.820 2632122
2.821 3085828
2.822 1486662
2.823 544518
2.824 626092
2.825 2544098
2.826 2655566
2.827 1297482
2.828 649498
2.829 3120788
2.830 2435456
2.831 593106
2.832 2961114
2.833 2597018
2.834 596580
2.835 518190
2.836 809240
2.837 2861412
2.838 2178318
2.839 696192
2.840 776574
2.841 3113656
2.842 2245632
2.843 708862
2.844 518190
2.845 2602736
2.846 2475806
2.847 1033590
2.848 1375602
2.849 2583958
2.850 2084192
2.851 979028
2.852 2910116
2.853 2918120
2.854 2604436
2.855 2379500
2.856 2858224
2.857 2071022
2.858 1098248
2.859 1036380
2.860 1039384
2.861 3035360
2.862 2968122
2.863 2191744
2.864 1966562
2.865 3123128
2.866 2968432
2.867 2834294
2.868 2140676
2.869 2004248
2.870 3123128
2.871 2914636
2.872 2659702
2.873 1467232
2.874 1036380
2.875 1037882
2.876 1637868
2.877 2924864
2.878 3122790
2.879 1744424
2.880 1036380
2.881 1036380
2.882 1923772
2.883 2935848
2.884 2852850
2.885 1161658
2.886 2697740
2.887 2516186
2.888 817328
2.889 2990022
2.890 1976488
2.891 630380
2.892 2724722
2.893 2686850
2.894 863476
2.895 917602
2.896 2498020
2.897 1781616
2.898 851176
2.899 2483664
2.900 1363866
2.901 34924
2.902 0
2.903 776034
2.904 2544058
2.905 1024312
2.906 696860
2.907 2658274
2.908 1340748
2.909 0
2.910 2351124
2.911 1795216
2.912 239400
2.913 2606608
2.914 2278104
2.915 1040366
2.916 18178
2.917 1634270
2.918 2167130
2.919 1010140
2.920 0
2.921 1179034
2.922 2476246
2.923 1470842
2.924 256300
2.925 2755032
2.926 2371284
2.927 1168940
2.928 2389600
2.929 1726832
2.930 19720
2.931 3079080
2.932 1173858
2.933 86462
2.934 503966
2.935 2693512
2.936 1912934
2.937 371906
2.938 554602
2.939 2575470
2.940 1716928
2.941 177440
2.942 0
2.943 2682606
2.944 1985694
2.945 313560
2.946 2551516
2.947 2297262
2.948 473722
2.949 2363188
2.950 2287024
2.951 945076
2.952 2755628
2.953 2225166
2.954 795334
2.955 2930582
2.956 2629286
2.957 1425104
2.958 2184218
2.959 2592942
2.960 1758800
2.961 2003692
2.962 2487710
2.963 1424876
2.964 545696
2.965 518190
2.966 1644460
2.967 2497458
2.968 1970214
2.969 518190
2.970 586890
2.971 3123598
2.972 2161714
2.973 629724
2.974 259508
2.975 3010958
2.976 1093036
2.977 1282812
2.978 2465916
2.979 1661466
2.980 62338
2.981 2959968
2.982 1932572
2.983 1041666
2.984 2320178
2.985 1166634
2.986 1100736
2.987 2480762
2.988 974562
2.989 0
2.990 0
2.991 2333278
2.992 2099366
2.993 464056
2.994 0
2.995 0
2.996 2215306
2.997 2176438
2.998 675276
2.999 2849112
