# Time(s) BytesReceived
0.000 0
0.001 0
0.002 0
0.003 0
0.004 0
0.005 0
0.006 0
0.007 0
0.008 0
0.009 0
0.010 0
0.011 0
0.012 0
0.013 0
0.014 0
0.015 0
0.016 0
0.017 0
0.018 0
0.019 0
0.020 0
0.021 0
0.022 0
0.023 0
0.024 0
0.025 0
0.026 0
0.027 0
0.028 0
0.029 0
0.030 0
0.031 0
0.032 0
0.033 0
0.034 0
0.035 0
0.036 0
0.037 0
0.038 0
0.039 0
0.040 0
0.041 0
0.042 0
0.043 0
0.044 0
0.045 0
0.046 0
0.047 0
0.048 0
0.049 0
0.050 0
0.051 0
0.052 0
0.053 0
0.054 0
0.055 0
0.056 0
0.057 0
0.058 0
0.059 0
0.060 0
0.061 0
0.062 0
0.063 0
0.064 0
0.065 0
0.066 0
0.067 0
0.068 0
0.069 0
0.070 0
0.071 0
0.072 0
0.073 0
0.074 0
0.075 0
0.076 0
0.077 0
0.078 0
0.079 0
0.080 0
0.081 0
0.082 0
0.083 0
0.084 0
0.085 0
0.086 0
0.087 0
0.088 0
0.089 0
0.090 0
0.091 0
0.092 0
0.093 0
0.094 0
0.095 0
0.096 0
0.097 0
0.098 0
0.099 0
0.100 0
0.101 0
0.102 0
0.103 0
0.104 0
0.105 0
0.106 0
0.107 0
0.108 0
0.109 0
0.110 0
0.111 0
0.112 0
0.113 0
0.114 0
0.115 0
0.116 0
0.117 0
0.118 0
0.119 0
0.120 0
0.121 0
0.122 0
0.123 0
0.124 0
0.125 0
0.126 0
0.127 0
0.128 0
0.129 0
0.130 0
0.131 0
0.132 0
0.133 0
0.134 0
0.135 0
0.136 0
0.137 0
0.138 0
0.139 0
0.140 0
0.141 0
0.142 0
0.143 0
0.144 0
0.145 0
0.146 0
0.147 0
0.148 0
0.149 0
0.150 0
0.151 0
0.152 0
0.153 0
0.154 0
0.155 0
0.156 0
0.157 0
0.158 0
0.159 0
0.160 0
0.161 0
0.162 0
0.163 0
0.164 0
0.165 0
0.166 0
0.167 0
0.168 0
0.169 0
0.170 0
0.171 0
0.172 0
0.173 0
0.174 0
0.175 0
0.176 0
0.177 0
0.178 0
0.179 0
0.180 0
0.181 0
0.182 0
0.183 0
0.184 0
0.185 0
0.186 0
0.187 0
0.188 0
0.189 0
0.190 0
0.191 0
0.192 0
0.193 0
0.194 0
0.195 0
0.196 0
0.197 0
0.198 0
0.199 0
0.200 0
0.201 0
0.202 0
0.203 0
0.204 0
0.205 0
0.206 0
0.207 0
0.208 0
0.209 0
0.210 0
0.211 0
0.212 0
0.213 0
0.214 0
0.215 0
0.216 0
0.217 0
0.218 0
0.219 0
0.220 0
0.221 0
0.222 0
0.223 0
0.224 0
0.225 0
0.226 0
0.227 0
0.228 0
0.229 0
0.230 0
0.231 0
0.232 0
0.233 0
0.234 0
0.235 0
0.236 0
0.237 0
0.238 0
0.239 0
0.240 0
0.241 0
0.242 0
0.243 0
0.244 0
0.245 0
0.246 0
0.247 0
0.248 0
0.249 0
0.250 0
0.251 0
0.252 0
0.253 0
0.254 0
0.255 0
0.256 0
0.257 0
0.258 0
0.259 0
0.260 0
0.261 0
0.262 0
0.263 0
0.264 0
0.265 0
0.266 0
0.267 0
0.268 0
0.269 0
0.270 0
0.271 0
0.272 0
0.273 0
0.274 0
0.275 0
0.276 0
0.277 0
0.278 0
0.279 0
0.280 0
0.281 0
0.282 0
0.283 0
0.284 0
0.285 0
0.286 0
0.287 0
0.288 0
0.289 0
0.290 0
0.291 0
0.292 0
0.293 0
0.294 0
0.295 0
0.296 0
0.297 0
0.298 0
0.299 0
0.300 0
0.301 0
0.302 0
0.303 0
0.304 0
0.305 0
0.306 0
0.307 0
0.308 0
0.309 0
0.310 0
0.311 0
0.312 0
0.313 0
0.314 0
0.315 0
0.316 0
0.317 0
0.318 0
0.319 0
0.320 0
0.321 0
0.322 0
0.323 0
0.324 0
0.325 0
0.326 0
0.327 0
0.328 0
0.329 0
0.330 0
0.331 0
0.332 0
0.333 0
0.334 0
0.335 0
0.336 0
0.337 0
0.338 0
0.339 0
0.340 0
0.341 0
0.342 0
0.343 0
0.344 0
0.345 0
0.346 0
0.347 0
0.348 0
0.349 0
0.350 0
0.351 0
0.352 0
0.353 0
0.354 0
0.355 0
0.356 0
0.357 0
0.358 0
0.359 0
0.360 0
0.361 0
0.362 0
0.363 0
0.364 0
0.365 0
0.366 0
0.367 0
0.368 0
0.369 0
0.370 0
0.371 0
0.372 0
0.373 0
0.374 0
0.375 0
0.376 0
0.377 0
0.378 0
0.379 0
0.380 0
0.381 0
0.382 0
0.383 0
0.384 0
0.385 0
0.386 0
0.387 0
0.388 0
0.389 0
0.390 0
0.391 0
0.392 0
0.393 0
0.394 0
0.395 0
0.396 0
0.397 0
0.398 0
0.399 0
0.400 0
0.401 0
0.402 0
0.403 0
0.404 0
0.405 0
0.406 0
0.407 0
0.408 0
0.409 0
0.410 0
0.411 0
0.412 0
0.413 0
0.414 0
0.415 0
0.416 0
0.417 0
0.418 0
0.419 0
0.420 0
0.421 0
0.422 0
0.423 0
0.424 0
0.425 0
0.426 0
0.427 0
0.428 0
0.429 0
0.430 0
0.431 0
0.432 0
0.433 0
0.434 0
0.435 0
0.436 0
0.437 0
0.438 0
0.439 0
0.440 0
0.441 0
0.442 0
0.443 0
0.444 0
0.445 0
0.446 0
0.447 0
0.448 0
0.449 0
0.450 0
0.451 0
0.452 0
0.453 0
0.454 0
0.455 0
0.456 0
0.457 0
0.458 0
0.459 0
0.460 0
0.461 0
0.462 0
0.463 0
0.464 0
0.465 0
0.466 0
0.467 0
0.468 0
0.469 0
0.470 0
0.471 0
0.472 0
0.473 0
0.474 0
0.475 0
0.476 0
0.477 0
0.478 0
0.479 0
0.480 0
0.481 0
0.482 0
0.483 0
0.484 0
0.485 0
0.486 0
0.487 0
0.488 0
0.489 0
0.490 0
0.491 0
0.492 0
0.493 0
0.494 0
0.495 0
0.496 0
0.497 0
0.498 0
0.499 0
0.500 34234
0.501 58
0.502 58
0.503 790
0.504 420730
0.505 518248
0.506 565254
0.507 518248
0.508 153594
0.509 58
0.510 58
0.511 58
0.512 58
0.513 58
0.514 58
0.515 58
0.516 4482
0.517 58
0.518 58
0.519 58
0.520 58
0.521 58
0.522 58
0.523 58
0.524 58
0.525 58
0.526 58
0.527 58
0.528 58
0.529 58
0.530 58
0.531 102306
0.532 489710
0.533 501830
0.534 166
0.535 58
0.536 58
0.537 58
0.538 58
0.539 58
0.540 299068
0.541 516664
0.542 276758
0.543 58
0.544 58
0.545 58
0.546 58
0.547 58
0.548 58
0.549 58
0.550 58
0.551 58
0.552 58
0.553 58
0.554 58
0.555 58
0.556 58
0.557 58
0.558 58
0.559 58
0.560 58
0.561 790
0.562 790
0.563 58
0.564 58
0.565 58
0.566 58
0.567 58
0.568 58
0.569 4482
0.570 790
0.571 58
0.572 790
0.573 34234
0.574 58
0.575 58
0.576 58
0.577 58
0.578 58
0.579 58
0.580 58
0.581 58
0.582 58
0.583 58
0.584 790
0.585 4482
0.586 58
0.587 58
0.588 58
0.589 58
0.590 58
0.591 58
0.592 58
0.593 58
0.594 58
0.595 58
0.596 58
0.597 58
0.598 58
0.599 58
0.600 58
0.601 58
0.602 58
0.603 58
0.604 58
0.605 58
0.606 58
0.607 58
0.608 58
0.609 58
0.610 58
0.611 58
0.612 58
0.613 790
0.614 58
0.615 58
0.616 58
0.617 58
0.618 58
0.619 58
0.620 58
0.621 58
0.622 58
0.623 58
0.624 58
0.625 58
0.626 58
0.627 0
0.628 0
0.629 0
0.630 4424
0.631 0
0.632 0
0.633 0
0.634 0
0.635 18136
0.636 476134
0.637 518190
0.638 75432
0.639 732
0.640 0
0.641 0
0.642 0
0.643 0
0.644 0
0.645 0
0.646 0
0.647 0
0.648 0
0.649 0
0.650 0
0.651 0
0.652 0
0.653 0
0.654 0
0.655 0
0.656 0
0.657 4424
0.658 0
0.659 0
0.660 0
0.661 34176
0.662 0
0.663 0
0.664 0
0.665 0
0.666 0
0.667 34176
0.668 0
0.669 0
0.670 0
0.671 34176
0.672 0
0.673 0
0.674 0
0.675 0
0.676 0
0.677 0
0.678 0
0.679 0
0.680 0
0.681 0
0.682 0
0.683 0
0.684 0
0.685 0
0.686 0
0.687 4424
0.688 0
0.689 0
0.690 0
0.691 4370
0.692 54
0.693 0
0.694 0
0.695 0
0.696 4424
0.697 0
0.698 0
0.699 0
0.700 0
0.701 0
0.702 0
0.703 0
0.704 0
0.705 732
0.706 0
0.707 0
0.708 0
0.709 0
0.710 0
0.711 0
0.712 0
0.713 4424
0.714 0
0.715 732
0.716 106754
0.717 500166
0.718 481704
0.719 0
0.720 0
0.721 0
0.722 0
0.723 0
0.724 0
0.725 0
0.726 0
0.727 1273520
0.728 1778562
0.729 1534818
0.730 1978384
0.731 2142638
0.732 300236
0.733 143068
0.734 2282134
0.735 2409432
0.736 558314
0.737 27768
0.738 6478
0.739 4424
0.740 2557308
0.741 2071022
0.742 523850
0.743 2727326
0.744 1615834
0.745 2963750
0.746 1872022
0.747 957446
0.748 2526476
0.749 1175646
0.750 2494700
0.751 1678254
0.752 315508
0.753 3105032
0.754 1147476
0.755 685938
0.756 2489202
0.757 1508476
0.758 3123094
0.759 1278466
0.760 2374674
0.761 2133176
0.762 21968
0.763 0
0.764 668862
0.765 2623442
0.766 1724448
0.767 655922
0.768 2422736
0.769 1598842
0.770 13988
0.771 2861786
0.772 1546694
0.773 288586
0.774 3024302
0.775 1054536
0.776 0
0.777 19556
0.778 3123202
0.779 1894368
0.780 72474
0.781 1073710
0.782 2139992
0.783 1061494
0.784 3098358
0.785 1421790
0.786 65720
0.787 2243844
0.788 2140676
0.789 1444594
0.790 2564578
0.791 1738446
0.792 134066
0.793 0
0.794 0
0.795 4424
0.796 2149818
0.797 1956870
0.798 321632
0.799 4424
0.800 0
0.801 2475842
0.802 2429816
0.803 834754
0.804 235776
0.805 176844
0.806 3110764
0.807 1132732
0.808 635178
0.809 2510792
0.810 1333642
0.811 2716488
0.812 1806864
0.813 344748
0.814 2970976
0.815 1105512
0.816 124952
0.817 0
0.818 461478
0.819 2738534
0.820 1515936
0.821 342668
0.822 2319328
0.823 1918196
0.824 318536
0.825 0
0.826 0
0.827 0
0.828 1677342
0.829 2174272
0.830 576706
0.831 858006
0.832 2627478
0.833 1467136
0.834 71820
0.835 914110
0.836 2525076
0.837 818814
0.838 2927232
0.839 1490218
0.840 378424
0.841 3122770
0.842 1663142
0.843 160630
0.844 2308214
0.845 2218320
0.846 370166
0.847 391408
0.848 2632730
0.849 1677120
0.850 365762
0.851 0
0.852 0
0.853 2557146
0.854 1785458
0.855 383776
0.856 0
0.857 1139782
0.858 2599972
0.859 1515578
0.860 109748
0.861 235912
0.862 3007342
0.863 1378038
0.864 658272
0.865 2594250
0.866 1361322
0.867 166640
0.868 1840444
0.869 1964370
0.870 580926
0.871 1285822
0.872 2229448
0.873 1381430
0.874 2887610
0.875 1408456
0.876 1418230
0.877 2351110
0.878 1149274
0.879 202810
0.880 3074624
0.881 1196378
0.882 23732
0.883 0
0.884 2251646
0.885 1846008
0.886 160346
0.887 2708124
0.888 1402448
0.889 190008
0.890 2969196
0.891 1609448
0.892 281438
0.893 2782376
0.894 1614432
0.895 226066
0.896 0
0.897 0
0.898 2859202
0.899 2057708
0.900 184286
0.901 870130
0.902 2446298
0.903 1702480
0.904 939524
0.905 2673764
0.906 1244636
0.907 129468
0.908 0
0.909 0
0.910 0
0.911 2359724
0.912 1912334
0.913 450342
0.914 2683966
0.915 1844904
0.916 750300
0.917 2236488
0.918 1341714
0.919 441700
0.920 2434436
0.921 2687282
0.922 1358144
0.923 533680
0.924 2962724
0.925 2375652
0.926 603436
0.927 1825294
0.928 2680896
0.929 2072350
0.930 956430
0.931 2882246
0.932 2824862
0.933 678628
0.934 522696
0.935 519692
0.936 519692
0.937 521194
0.938 519692
0.939 518190
0.940 521194
0.941 518190
0.942 519692
0.943 519692
0.944 519692
0.945 518190
0.946 518660
0.947 534824
0.948 1019858
0.949 2138228
0.950 2870680
0.951 1543690
0.952 531616
0.953 519692
0.954 525700
0.955 519692
0.956 521194
0.957 527202
0.958 518190
0.959 522696
0.960 522696
0.961 521194
0.962 519692
0.963 522696
0.964 524198
0.965 553868
0.966 522696
0.967 523428
0.968 521194
0.969 520162
0.970 519692
0.971 519692
0.972 518190
0.973 519692
0.974 520424
0.975 518190
0.976 519692
0.977 519692
0.978 518190
0.979 518190
0.980 521194
0.981 518922
0.982 518190
0.983 521194
0.984 518190
0.985 518190
0.986 520424
0.987 519692
0.988 518190
0.989 518190
0.990 519692
0.991 518190
0.992 519692
0.993 519692
0.994 518190
0.995 518922
0.996 519692
0.997 519692
0.998 518190
0.999 908822
1.000 1036380
1.001 1036380
1.002 1036438
1.003 1413436
1.004 1553800
1.005 1234976
1.006 1037882
1.007 1042306
1.008 1036380
1.009 1037882
1.010 1039384
1.011 1037112
1.012 899698
1.013 519692
1.014 518190
1.015 518190
1.016 519692
1.017 518190
1.018 519692
1.019 519692
1.020 518190
1.021 518190
1.022 518190
1.023 519692
1.024 518190
1.025 518190
1.026 727080
1.027 1024364
1.028 894022
1.029 518190
1.030 519692
1.031 518190
1.032 519692
1.033 521194
1.034 518190
1.035 518190
1.036 524116
1.037 519692
1.038 518190
1.039 519692
1.040 519692
1.041 518190
1.042 519692
1.043 518190
1.044 519692
1.045 518190
1.046 519692
1.047 518190
1.048 518660
1.049 2899910
1.050 2569522
1.051 619726
1.052 521926
1.053 518190
1.054 531708
1.055 539218
1.056 536684
1.057 527202
1.058 525700
1.059 530206
1.060 530676
1.061 538186
1.062 1037274
1.063 2650384
1.064 1984560
1.065 694220
1.066 1760172
1.067 2674970
1.068 1722616
1.069 552290
1.070 1699926
1.071 2582050
1.072 2078082
1.073 2471084
1.074 2980780
1.075 1799640
1.076 2902666
1.077 2735284
1.078 1566420
1.079 2838470
1.080 2571038
1.081 2134332
1.082 2727448
1.083 2572516
1.084 1001752
1.085 2136424
1.086 2983820
1.087 2905500
1.088 2053290
1.089 2699990
1.090 2075262
1.091 518190
1.092 1848462
1.093 2562340
1.094 1488430
1.095 1928500
1.096 2672170
1.097 1639202
1.098 2401176
1.099 2534262
1.100 1543908
1.101 3122644
1.102 2079758
1.103 1971814
1.104 2312392
1.105 1251594
1.106 2155356
1.107 1887308
1.108 389130
1.109 544888
1.110 2304170
1.111 1595368
1.112 729912
1.113 2479158
1.114 1374196
1.115 2123036
1.116 1887962
1.117 545062
1.118 2902114
1.119 1969836
1.120 280230
1.121 371682
1.122 2798236
1.123 1896514
1.124 213488
1.125 1034702
1.126 2433522
1.127 1131148
1.128 0
1.129 1576016
1.130 2336008
1.131 1155728
1.132 2292856
1.133 2382280
1.134 1141708
1.135 2310740
1.136 1533200
1.137 134812
1.138 2267698
1.139 1708662
1.140 286064
1.141 1766062
1.142 2508278
1.143 1048160
1.144 0
1.145 1385840
1.146 2430624
1.147 1335716
1.148 2894064
1.149 1876872
1.150 254236
1.151 629470
1.152 2468174
1.153 1294580
1.154 78676
1.155 2447354
1.156 2486524
1.157 1196286
1.158 237648
1.159 1183654
1.160 2264566
1.161 980100
1.162 1690514
1.163 2217450
1.164 724852
1.165 1960928
1.166 2045192
1.167 839682
1.168 3121360
1.169 1615456
1.170 40462
1.171 2890276
1.172 1580154
1.173 470
1.174 2170834
1.175 2359876
1.176 753268
1.177 2896004
1.178 2211086
1.179 706982
1.180 2806932
1.181 2668072
1.182 1020348
1.183 519692
1.184 2300358
1.185 2651326
1.186 1872502
1.187 604090
1.188 528704
1.189 522696
1.190 1432386
1.191 2581662
1.192 2134300
1.193 704410
1.194 524198
1.195 518190
1.196 524198
1.197 524198
1.198 522696
1.199 518190
1.200 521194
1.201 523428
1.202 522696
1.203 523166
1.204 2947018
1.205 2391312
1.206 731954
1.207 518190
1.208 522614
1.209 518190
1.210 521248
1.211 521194
1.212 521194
1.213 523428
1.214 521926
1.215 521194
1.216 521194
1.217 518190
1.218 518922
1.219 519692
1.220 521194
1.221 521194
1.222 519692
1.223 556872
1.224 519692
1.225 521926
1.226 521194
1.227 521252
1.228 522556
1.229 519692
1.230 518190
1.231 518190
1.232 519692
1.233 522696
1.234 518660
1.235 1339546
1.236 2629644
1.237 2058924
1.238 555648
1.239 519692
1.240 518190
1.241 518190
1.242 519692
1.243 518190
1.244 518190
1.245 518190
1.246 519692
1.247 518190
1.248 518922
1.249 519692
1.250 518190
1.251 518190
1.252 521248
1.253 519692
1.254 519692
1.255 520424
1.256 521194
1.257 519692
1.258 519692
1.259 521194
1.260 521194
1.261 519692
1.262 555424
1.263 519692
1.264 519692
1.265 519692
1.266 518190
1.267 518190
1.268 519692
1.269 521194
1.270 519692
1.271 520370
1.272 521248
1.273 519692
1.274 524116
1.275 521194
1.276 520424
1.277 519692
1.278 519692
1.279 519692
1.280 519692
1.281 520424
1.282 521194
1.283 518660
1.284 518922
1.285 519692
1.286 518190
1.287 2052782
1.288 2750172
1.289 1947878
1.290 518190
1.291 518190
1.292 524116
1.293 518190
1.294 519746
1.295 578382
1.296 988316
1.297 1039384
1.298 566586
1.299 522696
1.300 556872
1.301 527202
1.302 1287454
1.303 2601372
1.304 2237294
1.305 2389392
1.306 2757120
1.307 1732060
1.308 519692
1.309 2827182
1.310 2621408
1.311 1791038
1.312 2555280
1.313 2124920
1.314 600994
1.315 1351624
1.316 2655168
1.317 2018268
1.318 649344
1.319 2953046
1.320 2422326
1.321 737492
1.322 2427050
1.323 2743040
1.324 1705300
1.325 606532
1.326 3010204
1.327 2686290
1.328 671118
1.329 2723490
1.330 2725512
1.331 2014870
1.332 2916332
1.333 1573134
1.334 1382312
1.335 2630850
1.336 2114968
1.337 820970
1.338 2242726
1.339 2562074
1.340 1009272
1.341 519692
1.342 1704064
1.343 2669156
1.344 2517144
1.345 1442446
1.346 2756548
1.347 2057184
1.348 729106
1.349 524198
1.350 522696
1.351 521664
1.352 1718582
1.353 2599658
1.354 1815590
1.355 556380
1.356 521194
1.357 523428
1.358 522696
1.359 521194
1.360 522696
1.361 556872
1.362 522696
1.363 1017688
1.364 2807108
1.365 2633536
1.366 685584
1.367 522696
1.368 521194
1.369 521194
1.370 521194
1.371 522696
1.372 521194
1.373 522696
1.374 524198
1.375 523166
1.376 2818840
1.377 2535038
1.378 1056314
1.379 522614
1.380 2538166
1.381 2455238
1.382 1203888
1.383 2402786
1.384 2581396
1.385 1399536
1.386 1394820
1.387 2641650
1.388 1883466
1.389 664534
1.390 3121646
1.391 3051652
1.392 1435712
1.393 2475136
1.394 2699982
1.395 766694
1.396 2719762
1.397 2828326
1.398 606624
1.399 2281770
1.400 2858070
1.401 925732
1.402 2848334
1.403 3065070
1.404 883962
1.405 2921954
1.406 2529704
1.407 616862
1.408 519692
1.409 518190
1.410 2577634
1.411 2734896
1.412 1135266
1.413 1483178
1.414 2795508
1.415 2219682
1.416 934928
1.417 530676
1.418 1489454
1.419 2649926
1.420 2541996
1.421 1039072
1.422 518190
1.423 518190
1.424 519692
1.425 518190
1.426 1578420
1.427 2649436
1.428 2633454
1.429 620612
1.430 2111782
1.431 2629930
1.432 1127572
1.433 1151274
1.434 2723228
1.435 2275754
1.436 978394
1.437 2738526
1.438 2617348
1.439 1310588
1.440 894876
1.441 1700466
1.442 3017250
1.443 2362052
1.444 654596
1.445 524198
1.446 542556
1.447 519746
1.448 2524648
1.449 2777238
1.450 895406
1.451 2906642
1.452 2452700
1.453 629488
1.454 3107462
1.455 2442700
1.456 731600
1.457 3123036
1.458 2472046
1.459 1070496
1.460 1588032
1.461 2622308
1.462 2349290
1.463 1075692
1.464 2881854
1.465 2741752
1.466 1655088
1.467 2650284
1.468 2213698
1.469 634324
1.470 1144132
1.471 2793076
1.472 1957902
1.473 607472
1.474 2892692
1.475 2216808
1.476 1215846
1.477 2689244
1.478 2082074
1.479 935774
1.480 3109620
1.481 2135046
1.482 668400
1.483 519692
1.484 518190
1.485 2801432
1.486 2400430
1.487 1201884
1.488 3117968
1.489 2817822
1.490 1365900
1.491 1078536
1.492 1037112
1.493 2034018
1.494 3110720
1.495 2770126
1.496 1216252
1.497 1039384
1.498 1036380
1.499 2185450
1.500 2983166
1.501 2507726
1.502 1241142
1.503 1039384
1.504 2122312
1.505 2835878
1.506 2733240
1.507 1216148
1.508 1290366
1.509 2955936
1.510 3123352
1.511 1600038
1.512 1320260
1.513 3100506
1.514 2956150
1.515 1617602
1.516 1037882
1.517 2243704
1.518 2863830
1.519 2519554
1.520 1037882
1.521 1036380
1.522 1037882
1.523 1037990
1.524 3068918
1.525 2804172
1.526 1582106
1.527 1036380
1.528 1036380
1.529 1892506
1.530 2793536
1.531 2988284
1.532 1503006
1.533 3073000
1.534 3114238
1.535 1757666
1.536 1305820
1.537 1545558
1.538 2449280
1.539 3046580
1.540 2646012
1.541 1660874
1.542 1039854
1.543 2238830
1.544 2878118
1.545 2946412
1.546 1473860
1.547 1983458
1.548 2884034
1.549 2720080
1.550 1198136
1.551 1039384
1.552 1040886
1.553 1312860
1.554 1551566
1.555 1346124
1.556 1042388
1.557 1039384
1.558 1036850
1.559 1744078
1.560 2970448
1.561 3024986
1.562 1346374
1.563 1086046
1.564 1037882
1.565 1039384
1.566 1040886
1.567 1037882
1.568 1037882
1.569 1042388
1.570 1039384
1.571 1039384
1.572 1045310
1.573 1046894
1.574 1072528
1.575 2286986
1.576 3058550
1.577 2579454
1.578 1373968
1.579 1572428
1.580 2802640
1.581 2671812
1.582 1408882
1.583 1036380
1.584 1036380
1.585 1039384
1.586 1036380
1.587 2608754
1.588 2932782
1.589 2498520
1.590 1458784
1.591 1996014
1.592 2861432
1.593 3123464
1.594 513146
1.595 0
1.596 1772150
1.597 2475264
1.598 321448
1.599 64632
1.600 1556776
1.601 2518026
1.602 1146638
1.603 101114
1.604 0
1.605 79362
1.606 3122596
1.607 1767800
1.608 1056610
1.609 2324186
1.610 1425780
1.611 3121350
1.612 1272908
1.613 47880
1.614 2800772
1.615 1712708
1.616 2907852
1.617 1978190
1.618 58394
1.619 2057002
1.620 1980810
1.621 262768
1.622 2681504
1.623 1907784
1.624 264832
1.625 1680054
1.626 2232850
1.627 728316
1.628 1130884
1.629 2205610
1.630 1304726
1.631 2719762
1.632 1657788
1.633 221090
1.634 288478
1.635 2994514
1.636 1298238
1.637 436262
1.638 3015474
1.639 1059890
1.640 10514
1.641 9012
1.642 1891404
1.643 2074302
1.644 309340
1.645 47694
1.646 12016
1.647 1140258
1.648 2286064
1.649 1107208
1.650 11934
1.651 15020
1.652 1874828
1.653 1928976
1.654 454666
1.655 54
1.656 2970250
1.657 1467228
1.658 75948
1.659 985390
1.660 2145714
1.661 1297216
1.662 732
1.663 1252054
1.664 2461972
1.665 1522814
1.666 3121912
1.667 1519808
1.668 0
1.669 1172616
1.670 2330000
1.671 883124
1.672 1921152
1.673 2306448
1.674 583940
1.675 1046556
1.676 2328774
1.677 1095570
1.678 799158
1.679 2630298
1.680 1382084
1.681 312564
1.682 3063528
1.683 1450522
1.684 27506
1.685 1946924
1.686 1673360
1.687 637716
1.688 2605372
1.689 1604840
1.690 1121882
1.691 2269348
1.692 1292802
1.693 4976
1.694 0
1.695 2950324
1.696 1921402
1.697 357210
1.698 1882100
1.699 2097016
1.700 534364
1.701 280114
1.702 3083534
1.703 1638824
1.704 324452
1.705 2382232
1.706 2269572
1.707 768472
1.708 670140
1.709 2419078
1.710 1336922
1.711 147160
1.712 3122668
1.713 1795246
1.714 104486
1.715 0
1.716 0
1.717 4424
1.718 0
1.719 0
1.720 188546
1.721 3123414
1.722 2035188
1.723 1634448
1.724 2331400
1.725 1076786
1.726 1811236
1.727 1944466
1.728 545348
1.729 2699328
1.730 2069152
1.731 579708
1.732 2922902
1.733 1269424
1.734 125146
1.735 1959988
1.736 1939878
1.737 551532
1.738 3122770
1.739 1509570
1.740 1714540
1.741 2452218
1.742 1045156
1.743 7980
1.744 0
1.745 1454446
1.746 2225514
1.747 1089000
1.748 4424
1.749 0
1.750 2894334
1.751 1956032
1.752 386974
1.753 4424
1.754 0
1.755 2724608
1.756 2101358
1.757 686902
1.758 2353358
1.759 1661272
1.760 10422
1.761 2185434
1.762 1959220
1.763 241086
1.764 732
1.765 2212636
1.766 2164892
1.767 651336
1.768 2450596
1.769 1977806
1.770 297978
1.771 1690406
1.772 2115878
1.773 707196
1.774 0
1.775 2777508
1.776 1536974
1.777 71258
1.778 2462720
1.779 1997342
1.780 53418
1.781 2865942
1.782 1483842
1.783 632506
1.784 2466948
1.785 1803492
1.786 72290
1.787 0
1.788 2253710
1.789 1979308
1.790 323774
1.791 2551608
1.792 2192694
1.793 1083478
1.794 2400584
1.795 1352136
1.796 1218918
1.797 2498960
1.798 1668892
1.799 12486
1.800 0
1.801 2395130
1.802 2304762
1.803 409708
1.804 0
1.805 0
1.806 0
1.807 1781390
1.808 2407072
1.809 1006298
1.810 1013458
1.811 2357506
1.812 1057356
1.813 427786
1.814 2585422
1.815 1500272
1.816 1914716
1.817 2143620
1.818 408584
1.819 571000
1.820 2538298
1.821 1371560
1.822 75202
1.823 0
1.824 1811560
1.825 2097554
1.826 652102
1.827 0
1.828 0
1.829 0
1.830 2242904
1.831 2056094
1.832 469962
1.833 0
1.834 0
1.835 0
1.836 2161148
1.837 1832766
1.838 298262
1.839 2849706
1.840 2169510
1.841 239206
1.842 4506
1.843 7428
1.844 3004
1.845 4506
1.846 3736
1.847 3004
1.848 470
1.849 702760
1.850 2319660
1.851 1551810
1.852 24410
1.853 2898100
1.854 1659504
1.855 170940
1.856 342568
1.857 519692
1.858 541190
1.859 2483186
1.860 2671516
1.861 1485790
1.862 749700
1.863 3041468
1.864 2145928
1.865 761718
1.866 970764
1.867 2841242
1.868 2982910
1.869 1633746
1.870 1041356
1.871 1037882
1.872 1036380
1.873 1969540
1.874 2878080
1.875 2929318
1.876 1465958
1.877 1054874
1.878 1269538
1.879 3070990
1.880 2849140
1.881 1647550
1.882 2930890
1.883 2890614
1.884 2489824
1.885 1036380
1.886 1037882
1.887 2734642
1.888 2768676
1.889 1950484
1.890 2040722
1.891 2954212
1.892 3022636
1.893 1683544
1.894 2224340
1.895 3121626
1.896 2853064
1.897 2591368
1.898 2179992
1.899 3122658
1.900 2994436
1.901 2838534
1.902 1912638
1.903 2762866
1.904 3122266
1.905 3122596
1.906 2168172
1.907 1586020
1.908 1557574
1.909 1558276
1.910 3108300
1.911 3123526
1.912 2580374
1.913 1771634
1.914 2047226
1.915 2047504
1.916 2768966
1.917 3123036
1.918 3123444
1.919 2137192
1.920 1565554
1.921 1557574
1.922 2062108
1.923 2999494
1.924 3121554
1.925 2271810
1.926 1581892
1.927 1556072
1.928 2341112
1.929 3123036
1.930 3122106
1.931 2669608
1.932 1681834
1.933 2289790
1.934 3123128
1.935 3109984
1.936 2899380
1.937 2230528
1.938 3122096
1.939 2864986
1.940 2733578
1.941 2471454
1.942 3123598
1.943 3000352
1.944 2836938
1.945 1990558
1.946 2361292
1.947 3122566
1.948 3058848
1.949 2499460
1.950 1628100
1.951 3075774
1.952 3123792
1.953 2753104
1.954 1911390
1.955 3076406
1.956 3123676
1.957 2947986
1.958 2189312
1.959 2863662
1.960 3122382
1.961 3119456
1.962 1908908
1.963 1553176
1.964 3079504
1.965 3048038
1.966 2379872
1.967 1226684
1.968 1036380
1.969 2562018
1.970 3123506
1.971 3121712
1.972 1331328
1.973 2112176
1.974 2756752
1.975 1644740
1.976 585034
1.977 525568
1.978 3115822
1.979 2350394
1.980 876564
1.981 3121782
1.982 2077592
1.983 718814
1.984 518190
1.985 2900164
1.986 2439114
1.987 633360
1.988 530676
1.989 1720684
1.990 2719764
1.991 1335696
1.992 556118
1.993 2826820
1.994 2629946
1.995 656098
1.996 232480
1.997 0
1.998 0
1.999 1023442
2.000 2535764
2.001 1543646
2.002 936980
2.003 2420866
2.004 1026662
2.005 8682
2.006 3099584
2.007 1335328
2.008 120446
2.009 0
2.010 2258178
2.011 2163594
2.012 176868
2.013 2236788
2.014 2136548
2.015 310464
2.016 699280
2.017 2613582
2.018 2077806
2.019 16992
2.020 0
2.021 1059274
2.022 2611334
2.023 1353832
2.024 675086
2.025 2698818
2.026 1904044
2.027 1972
2.028 1681262
2.029 2151456
2.030 459458
2.031 585982
2.032 2536418
2.033 1808476
2.034 2064528
2.035 2556740
2.036 1088404
2.037 872126
2.038 2556506
2.039 2149054
2.040 20466
2.041 2918766
2.042 1940736
2.043 250098
2.044 2840008
2.045 1911544
2.046 582032
2.047 2593586
2.048 2290058
2.049 2689322
2.050 2285736
2.051 1905072
2.052 2088106
2.053 320600
2.054 0
2.055 732
2.056 864868
2.057 2394862
2.058 1253750
2.059 19242
2.060 3116374
2.061 1309518
2.062 68346
2.063 3166
2.064 3041724
2.065 1687082
2.066 37720
2.067 2943292
2.068 1683046
2.069 1893034
2.070 2769030
2.071 1394486
2.072 1871510
2.073 2635182
2.074 2121252
2.075 923786
2.076 2817292
2.077 1916122
2.078 1739044
2.079 2777678
2.080 2188658
2.081 556026
2.082 518190
2.083 1619578
2.084 2670896
2.085 2361714
2.086 3123128
2.087 2163216
2.088 674078
2.089 3074888
2.090 2206304
2.091 1936296
2.092 2809598
2.093 1708948
2.094 1479698
2.095 2661830
2.096 2380260
2.097 961406
2.098 2813540
2.099 2083876
2.100 1781126
2.101 2634726
2.102 1760734
2.103 2548356
2.104 2335630
2.105 1057826
2.106 518190
2.107 2966014
2.108 2604406
2.109 1265572
2.110 518190
2.111 519692
2.112 721594
2.113 3028134
2.114 2280914
2.115 1276716
2.116 523166
2.117 518922
2.118 2895582
2.119 2598684
2.120 1155916
2.121 527260
2.122 560288
2.123 2134506
2.124 2654994
2.125 1650632
2.126 574142
2.127 1863476
2.128 2662596
2.129 2139184
2.130 554708
2.131 526170
2.132 2408416
2.133 2537930
2.134 1154802
2.135 766602
2.136 1855642
2.137 3123036
2.138 2765896
2.139 1269370
2.140 1040116
2.141 1040886
2.142 1039384
2.143 1037882
2.144 1039384
2.145 1039384
2.146 1036380
2.147 1039384
2.148 1039384
2.149 1036380
2.150 1039384
2.151 1037882
2.152 1037882
2.153 1036380
2.154 1039384
2.155 1037882
2.156 1036380
2.157 1037882
2.158 1039384
2.159 1036380
2.160 1037882
2.161 1183286
2.162 3122658
2.163 2939444
2.164 2123030
2.165 1151362
2.166 1448040
2.167 1557574
2.168 1556072
2.169 1554570
2.170 1557574
2.171 1559076
2.172 1554570
2.173 1556804
2.174 1556072
2.175 1556072
2.176 1556072
2.177 1557574
2.178 1556072
2.179 1554570
2.180 1556072
2.181 1558306
2.182 1556072
2.183 1556072
2.184 1921170
2.185 2071258
2.186 2073492
2.187 2076496
2.188 2075764
2.189 2072760
2.190 2077266
2.191 2074262
2.192 2074262
2.193 2074262
2.194 2075764
2.195 2074262
2.196 2074262
2.197 2074262
2.198 2075764
2.199 2074262
2.200 2075764
2.201 2075764
2.202 2072760
2.203 2074262
2.204 2075764
2.205 2074262
2.206 2074262
2.207 2075764
2.208 2074262
2.209 2074262
2.210 2075764
2.211 2075764
2.212 2072760
2.213 2075764
2.214 2074262
2.215 2074994
2.216 2074262
2.217 2075764
2.218 2074262
2.219 2075764
2.220 2074262
2.221 2075764
2.222 2072760
2.223 2075764
2.224 2075764
2.225 2073438
2.226 2075818
2.227 2075764
2.228 2074262
2.229 2074994
2.230 2120166
2.231 2526364
2.232 2626628
2.233 2149694
2.234 2075764
2.235 2074262
2.236 2075764
2.237 2074262
2.238 2075764
2.239 2074262
2.240 1775034
2.241 1556072
2.242 1554570
2.243 1557574
2.244 1557574
2.245 1588746
2.246 1559076
2.247 1556072
2.248 1554570
2.249 1557574
2.250 1559808
2.251 1556072
2.252 1559808
2.253 1559076
2.254 1560578
2.255 1559546
2.256 1557574
2.257 2333548
2.258 3109048
2.259 3116292
2.260 2697642
2.261 2388106
2.262 3122828
2.263 3073112
2.264 2526312
2.265 1641788
2.266 2583410
2.267 3110928
2.268 2832894
2.269 2041718
2.270 1575314
2.271 3122154
2.272 3123948
2.273 1359660
2.274 1681280
2.275 3002968
2.276 3019520
2.277 1720586
2.278 1036380
2.279 1061684
2.280 3118060
2.281 3074256
2.282 1452086
2.283 2678284
2.284 3081552
2.285 2156166
2.286 1472118
2.287 2965888
2.288 2655004
2.289 1057108
2.290 518190
2.291 518190
2.292 1530848
2.293 2544766
2.294 2416132
2.295 1423730
2.296 2813532
2.297 2484000
2.298 628122
2.299 519692
2.300 2251704
2.301 2783614
2.302 1371526
2.303 1068264
2.304 2815974
2.305 2735662
2.306 1712790
2.307 2226114
2.308 2674510
2.309 2129232
2.310 722036
2.311 3114402
2.312 2726660
2.313 894918
2.314 3060296
2.315 2298900
2.316 790450
2.317 518190
2.318 554546
2.319 518298
2.320 3044248
2.321 2327404
2.322 587290
2.323 527202
2.324 527672
2.325 2793650
2.326 2882366
2.327 2008786
2.328 894686
2.329 525618
2.330 521194
2.331 524198
2.332 521194
2.333 521194
2.334 524198
2.335 521664
2.336 518190
2.337 519692
2.338 1233798
2.339 2606256
2.340 2006906
2.341 740782
2.342 2688312
2.343 2509984
2.344 956416
2.345 2439110
2.346 2385856
2.347 980356
2.348 527672
2.349 616184
2.350 3123206
2.351 2658416
2.352 701628
2.353 2024352
2.354 2808430
2.355 1845558
2.356 676574
2.357 519692
2.358 1178510
2.359 2693094
2.360 2308890
2.361 1038276
2.362 518190
2.363 2880254
2.364 2621398
2.365 1235900
2.366 574212
2.367 3046760
2.368 2534298
2.369 578648
2.370 519692
2.371 2044818
2.372 2897102
2.373 1721720
2.374 694966
2.375 1189904
2.376 2717506
2.377 1985490
2.378 869586
2.379 518190
2.380 519692
2.381 518190
2.382 2107162
2.383 2732158
2.384 1688104
2.385 697686
2.386 3122014
2.387 2171370
2.388 692340
2.389 2709248
2.390 2594474
2.391 850990
2.392 1961798
2.393 2500942
2.394 1606812
2.395 518190
2.396 518190
2.397 2474088
2.398 2392614
2.399 1262006
2.400 608496
2.401 3121912
2.402 2281320
2.403 638428
2.404 2327578
2.405 2605050
2.406 1369666
2.407 541660
2.408 540706
2.409 3121442
2.410 2558814
2.411 880398
2.412 2919326
2.413 3035888
2.414 614236
2.415 2696816
2.416 2971844
2.417 826692
2.418 2729822
2.419 3064120
2.420 1426494
2.421 2826406
2.422 2137478
2.423 896700
2.424 2598808
2.425 2529418
2.426 862398
2.427 3122096
2.428 2349944
2.429 1385192
2.430 2718548
2.431 2301676
2.432 1260644
2.433 686746
2.434 611192
2.435 3123322
2.436 2118054
2.437 901514
2.438 518248
2.439 2966976
2.440 2857498
2.441 1333644
2.442 518190
2.443 2149488
2.444 2751306
2.445 1765084
2.446 689806
2.447 520394
2.448 3090540
2.449 2602556
2.450 842632
2.451 518190
2.452 2984600
2.453 2737082
2.454 2829030
2.455 2806722
2.456 519692
2.457 2878104
2.458 2908872
2.459 797960
2.460 519600
2.461 518244
2.462 1828298
2.463 2883196
2.464 1792222
2.465 1941334
2.466 2738356
2.467 1894062
2.468 823494
2.469 2401160
2.470 2563392
2.471 977260
2.472 519692
2.473 1285752
2.474 2678822
2.475 2312578
2.476 566070
2.477 2398356
2.478 2352908
2.479 1275708
2.480 1515650
2.481 2514072
2.482 1997250
2.483 1155834
2.484 3123506
2.485 2585952
2.486 574698
2.487 3070582
2.488 2350370
2.489 1025522
2.490 2296946
2.491 1179120
2.492 22438
2.493 10146
2.494 3116900
2.495 1112460
2.496 324294
2.497 2699022
2.498 1246342
2.499 659444
2.500 2512406
2.501 1845824
2.502 519692
2.503 1284304
2.504 2894078
2.505 2163488
2.506 1668092
2.507 2781244
2.508 1703972
2.509 631228
2.510 518190
2.511 518190
2.512 1866950
2.513 2666724
2.514 2112710
2.515 581560
2.516 2205038
2.517 2611998
2.518 1424300
2.519 518190
2.520 2664696
2.521 2458712
2.522 1013254
2.523 3122620
2.524 2678092
2.525 973326
2.526 2880060
2.527 2591092
2.528 726140
2.529 1574838
2.530 2625404
2.531 2664904
2.532 702452
2.533 3122760
2.534 1975456
2.535 1696888
2.536 2785086
2.537 2363922
2.538 748016
2.539 2945424
2.540 2704314
2.541 1013592
2.542 2799278
2.543 2464934
2.544 951308
2.545 2998656
2.546 2592022
2.547 849130
2.548 1691492
2.549 2570494
2.550 1843668
2.551 526170
2.552 518190
2.553 2635164
2.554 2399286
2.555 1035102
2.556 518190
2.557 716062
2.558 3123230
2.559 1910870
2.560 752420
2.561 2918188
2.562 2697080
2.563 965244
2.564 524656
2.565 3080118
2.566 2110360
2.567 621552
2.568 2610802
2.569 2838074
2.570 1904106
2.571 1092148
2.572 2453746
2.573 2806686
2.574 2453562
2.575 2140130
2.576 2738718
2.577 2642916
2.578 1047626
2.579 1041356
2.580 2622824
2.581 2879824
2.582 1773616
2.583 1131762
2.584 2661314
2.585 2789050
2.586 1830144
2.587 1128250
2.588 2792096
2.589 2930432
2.590 1708836
2.591 1281424
2.592 3102154
2.593 3048436
2.594 1730906
2.595 1058910
2.596 1045862
2.597 1644606
2.598 2844696
2.599 2815046
2.600 1146312
2.601 1055906
2.602 1045862
2.603 1046894
2.604 1045392
2.605 2008246
2.606 2727410
2.607 1845500
2.608 632260
2.609 537716
2.610 539688
2.611 523166
2.612 518190
2.613 2556190
2.614 2541386
2.615 816730
2.616 531708
2.617 533680
2.618 2112132
2.619 2644708
2.620 1488642
2.621 552644
2.622 2688782
2.623 2378646
2.624 1080806
2.625 524668
2.626 2840916
2.627 2627324
2.628 1013124
2.629 528704
2.630 523166
2.631 576916
2.632 3123052
2.633 2609034
2.634 677034
2.635 522696
2.636 521194
2.637 522696
2.638 521194
2.639 522696
2.640 522696
2.641 521194
2.642 521194
2.643 1970594
2.644 2752532
2.645 1153576
2.646 542692
2.647 518190
2.648 518190
2.649 1473382
2.650 2525476
2.651 1830518
2.652 537794
2.653 1730074
2.654 2550692
2.655 1827892
2.656 523166
2.657 676888
2.658 3123128
2.659 2535722
2.660 1244138
2.661 2860848
2.662 2856486
2.663 714972
2.664 518190
2.665 518190
2.666 2923494
2.667 2441556
2.668 661922
2.669 519692
2.670 518190
2.671 671164
2.672 3122474
2.673 2138390
2.674 367108
2.675 10984
2.676 4506
2.677 4506
2.678 4506
2.679 4506
2.680 161296
2.681 1024026
2.682 2630436
2.683 1805198
2.684 471682
2.685 525700
2.686 519692
2.687 521194
2.688 524198
2.689 524198
2.690 518190
2.691 524198
2.692 522696
2.693 522696
2.694 521194
2.695 779984
2.696 3018936
2.697 2572440
2.698 1059614
2.699 2476476
2.700 2518424
2.701 1117232
2.702 518190
2.703 518190
2.704 521248
2.705 522696
2.706 521194
2.707 522696
2.708 522696
2.709 518190
2.710 518190
2.711 522696
2.712 522696
2.713 521194
2.714 527120
2.715 521194
2.716 519692
2.717 518190
2.718 521194
2.719 521194
2.720 521194
2.721 520162
2.722 518190
2.723 1752380
2.724 2416258
2.725 1722190
2.726 518190
2.727 519692
2.728 530260
2.729 518190
2.730 518190
2.731 519692
2.732 518244
2.733 527202
2.734 525700
2.735 524198
2.736 521194
2.737 522696
2.738 519692
2.739 558374
2.740 522696
2.741 523428
2.742 521194
2.743 521194
2.744 524930
2.745 519692
2.746 522696
2.747 521664
2.748 521194
2.749 519692
2.750 527120
2.751 519692
2.752 558350
2.753 520366
2.754 1384922
2.755 2679854
2.756 1920086
2.757 553868
2.758 518190
2.759 518190
2.760 519692
2.761 519746
2.762 522750
2.763 521926
2.764 530124
2.765 854750
2.766 1039384
2.767 763348
2.768 525700
2.769 524198
2.770 527202
2.771 526432
2.772 528704
2.773 625414
2.774 1010846
2.775 1021638
2.776 521248
2.777 1403146
2.778 2615322
2.779 1783642
2.780 542692
2.781 540720
2.782 1877686
2.783 2665930
2.784 1558002
2.785 542610
2.786 518190
2.787 3012976
2.788 2514998
2.789 583654
2.790 2234546
2.791 2100040
2.792 1388476
2.793 2345286
2.794 1545250
2.795 9482
2.796 0
2.797 0
2.798 2079732
2.799 1976280
2.800 330460
2.801 0
2.802 756
2.803 3059084
2.804 1581438
2.805 2432648
2.806 2234750
2.807 233668
2.808 0
2.809 0
2.810 2319382
2.811 1836904
2.812 330366
2.813 3123056
2.814 1235062
2.815 54450
2.816 2055230
2.817 2104822
2.818 222214
2.819 37650
2.820 695558
2.821 2298540
2.822 1767582
2.823 2934066
2.824 1011732
2.825 56330
2.826 2439066
2.827 2348892
2.828 619702
2.829 0
2.830 0
2.831 0
2.832 2704774
2.833 1618174
2.834 1067000
2.835 2416738
2.836 1262854
2.837 0
2.838 0
2.839 953540
2.840 2456444
2.841 1393730
2.842 3120992
2.843 1185680
2.844 986962
2.845 2288598
2.846 1026754
2.847 667468
2.848 2665590
2.849 1848446
2.850 1993826
2.851 2488210
2.852 1137708
2.853 1855958
2.854 2206798
2.855 872140
2.856 640686
2.857 2501310
2.858 1882444
2.859 2684692
2.860 1631498
2.861 1580234
2.862 2209530
2.863 1707854
2.864 754714
2.865 3123376
2.866 1583020
2.867 163166
2.868 2581248
2.869 2096658
2.870 474274
2.871 0
2.872 1116904
2.873 2239842
2.874 1204470
2.875 0
2.876 825870
2.877 2430116
2.878 1328196
2.879 14458
2.880 1935372
2.881 2446188
2.882 978598
2.883 12016
2.884 7980
2.885 3004
2.886 3004
2.887 4506
2.888 3004
2.889 3004
2.890 3004
2.891 3004
2.892 4506
2.893 35378
2.894 108184
2.895 3121798
2.896 1555468
2.897 66752
2.898 12016
2.899 6478
2.900 3004
2.901 3004
2.902 4506
2.903 4506
2.904 9744
2.905 1216530
2.906 2288128
2.907 1606914
2.908 2345668
2.909 2094686
2.910 500390
2.911 0
2.912 0
2.913 34176
2.914 2480614
2.915 2086754
2.916 585544
2.917 2456296
2.918 1878490
2.919 221274
2.920 2969650
2.921 1529372
2.922 14458
2.923 732
2.924 34176
2.925 225664
2.926 3084178
2.927 1490034
2.928 224564
2.929 4424
2.930 0
2.931 2764530
2.932 1931540
2.933 1072160
2.934 2255268
2.935 1089354
2.936 0
2.937 191980
2.938 3121544
2.939 1517734
2.940 1352240
2.941 2114928
2.942 890450
2.943 0
2.944 0
2.945 2010456
2.946 2390376
2.947 581028
2.948 296728
2.949 2978946
2.950 1478386
2.951 270380
2.952 647352
2.953 2523748
2.954 1348090
2.955 1441030
2.956 2258466
2.957 940496
2.958 0
2.959 0
2.960 2902606
2.961 1381982
2.962 143732
2.963 0
2.964 1850412
2.965 2051394
2.966 792284
2.967 3027490
2.968 974460
2.969 440796
2.970 2773938
2.971 1076126
2.972 0
2.973 0
2.974 0
2.975 0
2.976 0
2.977 1016246
2.978 2300900
2.979 940854
2.980 0
2.981 0
2.982 2509936
2.983 1741052
2.984 263224
2.985 154206
2.986 3076024
2.987 1112930
2.988 0
2.989 0
2.990 0
2.991 0
2.992 0
2.993 2324914
2.994 2375734
2.995 707012
2.996 1741366
2.997 2046510
2.998 640444
