# Time(s) BytesReceived
0.000 0
0.001 0
0.002 0
0.003 0
0.004 0
0.005 0
0.006 0
0.007 0
0.008 0
0.009 0
0.010 0
0.011 0
0.012 0
0.013 0
0.014 0
0.015 0
0.016 0
0.017 0
0.018 0
0.019 0
0.020 0
0.021 0
0.022 0
0.023 0
0.024 0
0.025 0
0.026 0
0.027 0
0.028 0
0.029 0
0.030 0
0.031 0
0.032 0
0.033 0
0.034 0
0.035 0
0.036 0
0.037 0
0.038 0
0.039 0
0.040 0
0.041 0
0.042 0
0.043 0
0.044 0
0.045 0
0.046 0
0.047 0
0.048 0
0.049 0
0.050 0
0.051 0
0.052 0
0.053 0
0.054 0
0.055 0
0.056 0
0.057 0
0.058 0
0.059 0
0.060 0
0.061 0
0.062 0
0.063 0
0.064 0
0.065 0
0.066 0
0.067 0
0.068 0
0.069 0
0.070 0
0.071 0
0.072 0
0.073 0
0.074 0
0.075 0
0.076 0
0.077 0
0.078 0
0.079 0
0.080 0
0.081 0
0.082 0
0.083 0
0.084 0
0.085 0
0.086 0
0.087 0
0.088 0
0.089 0
0.090 0
0.091 0
0.092 0
0.093 0
0.094 0
0.095 0
0.096 0
0.097 0
0.098 0
0.099 0
0.100 0
0.101 0
0.102 0
0.103 0
0.104 0
0.105 0
0.106 0
0.107 0
0.108 0
0.109 0
0.110 0
0.111 0
0.112 0
0.113 0
0.114 0
0.115 0
0.116 0
0.117 0
0.118 0
0.119 0
0.120 0
0.121 0
0.122 0
0.123 0
0.124 0
0.125 0
0.126 0
0.127 0
0.128 0
0.129 0
0.130 0
0.131 0
0.132 0
0.133 0
0.134 0
0.135 0
0.136 0
0.137 0
0.138 0
0.139 0
0.140 0
0.141 0
0.142 0
0.143 0
0.144 0
0.145 0
0.146 0
0.147 0
0.148 0
0.149 0
0.150 0
0.151 0
0.152 0
0.153 0
0.154 0
0.155 0
0.156 0
0.157 0
0.158 0
0.159 0
0.160 0
0.161 0
0.162 0
0.163 0
0.164 0
0.165 0
0.166 0
0.167 0
0.168 0
0.169 0
0.170 0
0.171 0
0.172 0
0.173 0
0.174 0
0.175 0
0.176 0
0.177 0
0.178 0
0.179 0
0.180 0
0.181 0
0.182 0
0.183 0
0.184 0
0.185 0
0.186 0
0.187 0
0.188 0
0.189 0
0.190 0
0.191 0
0.192 0
0.193 0
0.194 0
0.195 0
0.196 0
0.197 0
0.198 0
0.199 0
0.200 0
0.201 0
0.202 0
0.203 0
0.204 0
0.205 0
0.206 0
0.207 0
0.208 0
0.209 0
0.210 0
0.211 0
0.212 0
0.213 0
0.214 0
0.215 0
0.216 0
0.217 0
0.218 0
0.219 0
0.220 0
0.221 0
0.222 0
0.223 0
0.224 0
0.225 0
0.226 0
0.227 0
0.228 0
0.229 0
0.230 0
0.231 0
0.232 0
0.233 0
0.234 0
0.235 0
0.236 0
0.237 0
0.238 0
0.239 0
0.240 0
0.241 0
0.242 0
0.243 0
0.244 0
0.245 0
0.246 0
0.247 0
0.248 0
0.249 0
0.250 0
0.251 0
0.252 0
0.253 0
0.254 0
0.255 0
0.256 0
0.257 0
0.258 0
0.259 0
0.260 0
0.261 0
0.262 0
0.263 0
0.264 0
0.265 0
0.266 0
0.267 0
0.268 0
0.269 0
0.270 0
0.271 0
0.272 0
0.273 0
0.274 0
0.275 0
0.276 0
0.277 0
0.278 0
0.279 0
0.280 0
0.281 0
0.282 0
0.283 0
0.284 0
0.285 0
0.286 0
0.287 0
0.288 0
0.289 0
0.290 0
0.291 0
0.292 0
0.293 0
0.294 0
0.295 0
0.296 0
0.297 0
0.298 0
0.299 0
0.300 0
0.301 0
0.302 0
0.303 0
0.304 0
0.305 0
0.306 0
0.307 0
0.308 0
0.309 0
0.310 0
0.311 0
0.312 0
0.313 0
0.314 0
0.315 0
0.316 0
0.317 0
0.318 0
0.319 0
0.320 0
0.321 0
0.322 0
0.323 0
0.324 0
0.325 0
0.326 0
0.327 0
0.328 0
0.329 0
0.330 0
0.331 0
0.332 0
0.333 0
0.334 0
0.335 0
0.336 0
0.337 0
0.338 0
0.339 0
0.340 0
0.341 0
0.342 0
0.343 0
0.344 0
0.345 0
0.346 0
0.347 0
0.348 0
0.349 0
0.350 0
0.351 0
0.352 0
0.353 0
0.354 0
0.355 0
0.356 0
0.357 0
0.358 0
0.359 0
0.360 0
0.361 0
0.362 0
0.363 0
0.364 0
0.365 0
0.366 0
0.367 0
0.368 0
0.369 0
0.370 0
0.371 0
0.372 0
0.373 0
0.374 0
0.375 0
0.376 0
0.377 0
0.378 0
0.379 0
0.380 0
0.381 0
0.382 0
0.383 0
0.384 0
0.385 0
0.386 0
0.387 0
0.388 0
0.389 0
0.390 0
0.391 0
0.392 0
0.393 0
0.394 0
0.395 0
0.396 0
0.397 0
0.398 0
0.399 0
0.400 0
0.401 0
0.402 0
0.403 0
0.404 0
0.405 0
0.406 0
0.407 0
0.408 0
0.409 0
0.410 0
0.411 0
0.412 0
0.413 0
0.414 0
0.415 0
0.416 0
0.417 0
0.418 0
0.419 0
0.420 0
0.421 0
0.422 0
0.423 0
0.424 0
0.425 0
0.426 0
0.427 0
0.428 0
0.429 0
0.430 0
0.431 0
0.432 0
0.433 0
0.434 0
0.435 0
0.436 0
0.437 0
0.438 0
0.439 0
0.440 0
0.441 0
0.442 0
0.443 0
0.444 0
0.445 0
0.446 0
0.447 0
0.448 0
0.449 0
0.450 0
0.451 0
0.452 0
0.453 0
0.454 0
0.455 0
0.456 0
0.457 0
0.458 0
0.459 0
0.460 0
0.461 0
0.462 0
0.463 0
0.464 0
0.465 0
0.466 0
0.467 0
0.468 0
0.469 0
0.470 0
0.471 0
0.472 0
0.473 0
0.474 0
0.475 0
0.476 0
0.477 0
0.478 0
0.479 0
0.480 0
0.481 0
0.482 0
0.483 0
0.484 0
0.485 0
0.486 0
0.487 0
0.488 0
0.489 0
0.490 0
0.491 0
0.492 0
0.493 0
0.494 0
0.495 0
0.496 0
0.497 0
0.498 0
0.499 0
0.500 106458
0.501 58
0.502 58
0.503 10896
0.504 420730
0.505 518248
0.506 935916
0.507 1036438
0.508 1037940
0.509 1037940
0.510 1036438
0.511 1036438
0.512 1039442
0.513 1036438
0.514 1036438
0.515 1039442
0.516 1142838
0.517 1036438
0.518 1037940
0.519 1037940
0.520 1036438
0.521 1037940
0.522 1037940
0.523 1036438
0.524 1036438
0.525 603260
0.526 518248
0.527 88074
0.528 58
0.529 58
0.530 58
0.531 102306
0.532 491212
0.533 545462
0.534 609516
0.535 519750
0.536 518248
0.537 518248
0.538 518248
0.539 519750
0.540 815756
0.541 1138278
0.542 1037994
0.543 1036438
0.544 1037940
0.545 1037940
0.546 1036438
0.547 1037940
0.548 1037940
0.549 1036438
0.550 1037940
0.551 1036438
0.552 948720
0.553 518248
0.554 519750
0.555 518248
0.556 518248
0.557 519750
0.558 518248
0.559 518248
0.560 519750
0.561 212482
0.562 10896
0.563 58
0.564 58
0.565 58
0.566 58
0.567 58
0.568 58
0.569 49736
0.570 67618
0.571 58
0.572 1302
0.573 336618
0.574 518248
0.575 233200
0.576 58
0.577 58
0.578 58
0.579 58
0.580 58
0.581 58
0.582 58
0.583 58
0.584 10896
0.585 106458
0.586 58
0.587 58
0.588 58
0.589 58
0.590 58
0.591 58
0.592 58
0.593 58
0.594 58
0.595 58
0.596 58
0.597 58
0.598 58
0.599 58
0.600 58
0.601 58
0.602 58
0.603 58
0.604 58
0.605 58
0.606 58
0.607 58
0.608 58
0.609 58
0.610 58
0.611 58
0.612 58
0.613 10896
0.614 58
0.615 58
0.616 58
0.617 58
0.618 58
0.619 58
0.620 58
0.621 58
0.622 58
0.623 58
0.624 58
0.625 58
0.626 58
0.627 0
0.628 0
0.629 0
0.630 106400
0.631 0
0.632 0
0.633 0
0.634 0
0.635 18136
0.636 476134
0.637 518190
0.638 75432
0.639 10838
0.640 0
0.641 0
0.642 0
0.643 0
0.644 0
0.645 0
0.646 0
0.647 0
0.648 0
0.649 0
0.650 0
0.651 0
0.652 0
0.653 0
0.654 0
0.655 0
0.656 0
0.657 106400
0.658 0
0.659 0
0.660 0
0.661 106400
0.662 0
0.663 0
0.664 0
0.665 0
0.666 0
0.667 108256
0.668 492656
0.669 486980
0.670 0
0.671 106400
0.672 0
0.673 0
0.674 0
0.675 0
0.676 0
0.677 0
0.678 0
0.679 0
0.680 0
0.681 0
0.682 0
0.683 0
0.684 0
0.685 0
0.686 0
0.687 106400
0.688 0
0.689 0
0.690 0
0.691 15132
0.692 91268
0.693 0
0.694 0
0.695 0
0.696 106400
0.697 0
0.698 0
0.699 0
0.700 0
0.701 0
0.702 0
0.703 0
0.704 0
0.705 10838
0.706 0
0.707 0
0.708 0
0.709 0
0.710 0
0.711 0
0.712 0
0.713 88730
0.714 17670
0.715 10838
0.716 106754
0.717 500166
0.718 491810
0.719 0
0.720 0
0.721 0
0.722 0
0.723 0
0.724 0
0.725 0
0.726 0
0.727 1275022
0.728 1951098
0.729 2354984
0.730 2182296
0.731 1422216
0.732 2263284
0.733 2213948
0.734 2347322
0.735 1836380
0.736 919456
0.737 2562736
0.738 2825456
0.739 2276680
0.740 2309822
0.741 209166
0.742 0
0.743 750024
0.744 2558792
0.745 2679222
0.746 2151910
0.747 2116528
0.748 920496
0.749 2410710
0.750 2492898
0.751 2060946
0.752 1741492
0.753 2581938
0.754 2780742
0.755 2060460
0.756 1452256
0.757 2784532
0.758 2300772
0.759 2174786
0.760 1636614
0.761 485498
0.762 3122042
0.763 2162728
0.764 2154762
0.765 1050024
0.766 2148354
0.767 2247262
0.768 2271184
0.769 1579496
0.770 872300
0.771 3049442
0.772 2382012
0.773 2044230
0.774 1927318
0.775 2687348
0.776 2440598
0.777 2120908
0.778 1372248
0.779 3122658
0.780 2692588
0.781 2190146
0.782 1041704
0.783 0
0.784 0
0.785 2220428
0.786 2507724
0.787 2625884
0.788 1756386
0.789 1095818
0.790 2953642
0.791 2540126
0.792 2392748
0.793 1405500
0.794 1130668
0.795 2485306
0.796 2125170
0.797 2332538
0.798 963178
0.799 2618638
0.800 2231680
0.801 2323326
0.802 1871812
0.803 780812
0.804 827714
0.805 1311718
0.806 3122990
0.807 3026800
0.808 2667952
0.809 2297992
0.810 1615316
0.811 574920
0.812 1427794
0.813 2529638
0.814 2608358
0.815 2308270
0.816 2125422
0.817 855002
0.818 3058072
0.819 2643444
0.820 2413410
0.821 2610984
0.822 1454996
0.823 340670
0.824 1816336
0.825 2407706
0.826 2388914
0.827 2190194
0.828 1318038
0.829 2717698
0.830 2428734
0.831 2309426
0.832 1969248
0.833 951238
0.834 0
0.835 0
0.836 0
0.837 770134
0.838 2525748
0.839 2299680
0.840 2055360
0.841 1194486
0.842 0
0.843 344070
0.844 2577580
0.845 2431454
0.846 3116616
0.847 2202834
0.848 111266
0.849 0
0.850 259454
0.851 3006928
0.852 2361608
0.853 1941824
0.854 1275594
0.855 1217784
0.856 2522128
0.857 2538692
0.858 1888908
0.859 762948
0.860 3003932
0.861 2383674
0.862 2442060
0.863 2077856
0.864 544116
0.865 3073632
0.866 2954206
0.867 2665374
0.868 59118
0.869 0
0.870 769388
0.871 2517352
0.872 2333762
0.873 2245996
0.874 1935068
0.875 245408
0.876 2680840
0.877 2488468
0.878 2169394
0.879 1498084
0.880 263778
0.881 0
0.882 1244
0.883 0
0.884 2145966
0.885 2198312
0.886 2235904
0.887 1906628
0.888 358598
0.889 1206470
0.890 2383058
0.891 2635588
0.892 2220234
0.893 1967630
0.894 911800
0.895 1485256
0.896 2583772
0.897 2793838
0.898 2327798
0.899 1188976
0.900 1537588
0.901 2419992
0.902 2174128
0.903 2172710
0.904 1527246
0.905 2775696
0.906 2876524
0.907 2110588
0.908 2004376
0.909 883378
0.910 2599962
0.911 2871646
0.912 2084416
0.913 1554378
0.914 10838
0.915 2635812
0.916 2434126
0.917 2443872
0.918 1938364
0.919 1112216
0.920 518190
0.921 554224
0.922 3119654
0.923 2776582
0.924 2547780
0.925 2256130
0.926 1298546
0.927 518190
0.928 1523824
0.929 2727632
0.930 2959826
0.931 2529680
0.932 2770084
0.933 1258532
0.934 577308
0.935 1228676
0.936 2820140
0.937 2564184
0.938 2471988
0.939 2596932
0.940 772026
0.941 2979968
0.942 2279344
0.943 2152374
0.944 1500742
0.945 475688
0.946 2520626
0.947 2686040
0.948 2230320
0.949 1814840
0.950 1732008
0.951 2805390
0.952 3057034
0.953 2665324
0.954 1974142
0.955 1315154
0.956 2681070
0.957 2493590
0.958 2394306
0.959 2332158
0.960 1737658
0.961 2706874
0.962 2926166
0.963 2509614
0.964 2297148
0.965 1013022
0.966 2812346
0.967 2520098
0.968 2477802
0.969 2286918
0.970 553782
0.971 0
0.972 1101860
0.973 2358680
0.974 2168794
0.975 2014110
0.976 872594
0.977 2446204
0.978 2269522
0.979 2203324
0.980 1409618
0.981 422446
0.982 3122928
0.983 2181022
0.984 2110124
0.985 1621518
0.986 1538200
0.987 2365334
0.988 2803314
0.989 2185460
0.990 719812
0.991 0
0.992 0
0.993 2229386
0.994 2482190
0.995 2332778
0.996 2216192
0.997 871480
0.998 1033848
0.999 2766796
1.000 2691238
1.001 2594266
1.002 2433196
1.003 1812984
1.004 3062320
1.005 3113030
1.006 2925128
1.007 2605348
1.008 2784454
1.009 1050168
1.010 1036380
1.011 1047218
1.012 1179002
1.013 3122658
1.014 3074594
1.015 2969648
1.016 2666674
1.017 2463676
1.018 1401308
1.019 3014514
1.020 3079986
1.021 2833312
1.022 2801120
1.023 2230444
1.024 1360876
1.025 2613480
1.026 2556170
1.027 2617564
1.028 2858688
1.029 1014550
1.030 518190
1.031 2975718
1.032 2624264
1.033 2510652
1.034 2618188
1.035 1575184
1.036 780570
1.037 2503388
1.038 2631774
1.039 2394922
1.040 2291444
1.041 1531280
1.042 1565448
1.043 2693086
1.044 3121620
1.045 2746238
1.046 2298768
1.047 723120
1.048 2519542
1.049 2788598
1.050 2543538
1.051 2662388
1.052 2401262
1.053 850908
1.054 518190
1.055 519692
1.056 1596342
1.057 2508610
1.058 2782244
1.059 2481810
1.060 2021472
1.061 735676
1.062 2308452
1.063 2723238
1.064 2834814
1.065 2580962
1.066 2277372
1.067 872470
1.068 1870884
1.069 2859586
1.070 3047266
1.071 2565306
1.072 2084322
1.073 1145528
1.074 2415040
1.075 2819254
1.076 3062502
1.077 2679956
1.078 2877882
1.079 1570402
1.080 1254926
1.081 3122658
1.082 3072476
1.083 2728020
1.084 2755818
1.085 2107508
1.086 1262446
1.087 3069804
1.088 2924394
1.089 2691432
1.090 2973580
1.091 2309662
1.092 1443074
1.093 3074238
1.094 2829692
1.095 2704376
1.096 2115600
1.097 2830716
1.098 2769342
1.099 2428236
1.100 2142940
1.101 1595572
1.102 2732408
1.103 2674986
1.104 2317552
1.105 2411148
1.106 559900
1.107 708022
1.108 3122658
1.109 2663046
1.110 2513656
1.111 2661012
1.112 1730484
1.113 1926068
1.114 2518854
1.115 2608898
1.116 2415722
1.117 2037648
1.118 796372
1.119 518190
1.120 2533374
1.121 2574428
1.122 2413486
1.123 2486974
1.124 1242432
1.125 556212
1.126 3116708
1.127 2667506
1.128 2409056
1.129 2469954
1.130 1266734
1.131 2865814
1.132 2576882
1.133 2563546
1.134 2438370
1.135 1604532
1.136 1279484
1.137 2928284
1.138 2471524
1.139 2566884
1.140 2048266
1.141 1543360
1.142 2772692
1.143 2910530
1.144 2479152
1.145 2511394
1.146 1196516
1.147 2933676
1.148 2608686
1.149 2430814
1.150 2045386
1.151 1170682
1.152 825762
1.153 2798226
1.154 2594148
1.155 2480730
1.156 2474260
1.157 1775296
1.158 2594610
1.159 2924394
1.160 3085648
1.161 2868980
1.162 2489938
1.163 1821114
1.164 3089276
1.165 3016348
1.166 3089268
1.167 2735032
1.168 2484240
1.169 1824654
1.170 3053566
1.171 3123544
1.172 3122928
1.173 2705144
1.174 2727794
1.175 2279352
1.176 1556072
1.177 3005588
1.178 2912378
1.179 2932174
1.180 3123046
1.181 2660784
1.182 2251818
1.183 1037882
1.184 2945246
1.185 2897358
1.186 2984156
1.187 2683154
1.188 2729454
1.189 1275434
1.190 1037882
1.191 2735560
1.192 2907872
1.193 3122658
1.194 2829540
1.195 2607404
1.196 2142442
1.197 2480436
1.198 3009392
1.199 3114802
1.200 2903754
1.201 2593476
1.202 2555340
1.203 2029242
1.204 2823760
1.205 3122986
1.206 2873094
1.207 2500644
1.208 2068956
1.209 2017012
1.210 2469288
1.211 2831464
1.212 2302110
1.213 1773848
1.214 735544
1.215 3122658
1.216 3122658
1.217 2734990
1.218 2261230
1.219 1788240
1.220 518190
1.221 1517546
1.222 2610476
1.223 3122956
1.224 2587988
1.225 2400722
1.226 1280986
1.227 2688944
1.228 2725888
1.229 2507572
1.230 2804166
1.231 1949646
1.232 578464
1.233 561410
1.234 3122658
1.235 3067466
1.236 2942142
1.237 2324142
1.238 1219078
1.239 1553756
1.240 2687078
1.241 2866972
1.242 2529832
1.243 2606096
1.244 1388168
1.245 544880
1.246 518190
1.247 2669548
1.248 2620698
1.249 2440328
1.250 2191966
1.251 1527660
1.252 1791710
1.253 2639900
1.254 2799576
1.255 2379036
1.256 2043386
1.257 654990
1.258 2518732
1.259 2583440
1.260 2464630
1.261 2583372
1.262 1696604
1.263 641040
1.264 3047760
1.265 2663046
1.266 2543696
1.267 2486974
1.268 1700930
1.269 620714
1.270 2521520
1.271 2600848
1.272 2422628
1.273 2734576
1.274 1362080
1.275 518190
1.276 2703316
1.277 2606856
1.278 2443256
1.279 2371708
1.280 1002272
1.281 3118210
1.282 2666586
1.283 2514972
1.284 1965834
1.285 836310
1.286 2451520
1.287 2693086
1.288 2690276
1.289 2427468
1.290 2079206
1.291 636620
1.292 738036
1.293 3122658
1.294 3060460
1.295 2628676
1.296 2560238
1.297 2559770
1.298 1030646
1.299 3122042
1.300 2579932
1.301 2707608
1.302 2922478
1.303 1688512
1.304 1401330
1.305 2688580
1.306 2508880
1.307 2545316
1.308 2218926
1.309 961018
1.310 1593338
1.311 2611978
1.312 2705912
1.313 2365464
1.314 2332774
1.315 518190
1.316 518190
1.317 519692
1.318 518190
1.319 2459408
1.320 2788036
1.321 3122160
1.322 2706224
1.323 1827680
1.324 1216854
1.325 2652532
1.326 2603236
1.327 2453500
1.328 2545248
1.329 906330
1.330 3118408
1.331 2735142
1.332 2545198
1.333 2637092
1.334 2050272
1.335 770956
1.336 1306538
1.337 2835534
1.338 2591760
1.339 2515968
1.340 2443534
1.341 1432178
1.342 3037930
1.343 2702832
1.344 2492234
1.345 2621580
1.346 841702
1.347 750936
1.348 3123806
1.349 2905408
1.350 2607514
1.351 1918526
1.352 1096468
1.353 2235632
1.354 2545890
1.355 2561428
1.356 2359110
1.357 1992220
1.358 540104
1.359 2887694
1.360 2720122
1.361 3121386
1.362 2883460
1.363 2180282
1.364 1208696
1.365 2159970
1.366 2632710
1.367 2371982
1.368 2796766
1.369 1988622
1.370 1089258
1.371 3084492
1.372 2574968
1.373 2340698
1.374 2405984
1.375 1696304
1.376 2726130
1.377 2973268
1.378 2563416
1.379 2488006
1.380 1621030
1.381 2802732
1.382 2835430
1.383 2374780
1.384 2322702
1.385 342346
1.386 1858868
1.387 2228352
1.388 2197932
1.389 1840616
1.390 782080
1.391 621940
1.392 2501738
1.393 3122304
1.394 2348844
1.395 3123510
1.396 2497108
1.397 1434026
1.398 3122658
1.399 3037156
1.400 3023748
1.401 2803114
1.402 1383814
1.403 1199360
1.404 2763438
1.405 3069666
1.406 2533840
1.407 1950954
1.408 975844
1.409 2755086
1.410 2739648
1.411 2257098
1.412 2588266
1.413 919620
1.414 2097826
1.415 2423914
1.416 2220766
1.417 2107162
1.418 879660
1.419 294504
1.420 2746420
1.421 2719506
1.422 2547240
1.423 2332192
1.424 1511754
1.425 1817568
1.426 2721008
1.427 2892354
1.428 2372164
1.429 2110318
1.430 1364340
1.431 2775966
1.432 2531680
1.433 2447416
1.434 2137818
1.435 990248
1.436 2878196
1.437 2638398
1.438 2922752
1.439 2355202
1.440 2179826
1.441 1097000
1.442 2709826
1.443 2522128
1.444 2296372
1.445 1520074
1.446 356914
1.447 3106668
1.448 2240292
1.449 2042956
1.450 1682602
1.451 696860
1.452 2450356
1.453 2585060
1.454 1963814
1.455 1359388
1.456 2533006
1.457 2472562
1.458 2681652
1.459 1991432
1.460 1386264
1.461 2535030
1.462 2662278
1.463 2073690
1.464 1613058
1.465 518190
1.466 518190
1.467 2631706
1.468 2708734
1.469 3121966
1.470 2751714
1.471 1162058
1.472 2306366
1.473 2823760
1.474 2569576
1.475 2515622
1.476 2701416
1.477 1576010
1.478 1518254
1.479 2721062
1.480 2713152
1.481 2354022
1.482 2532886
1.483 798414
1.484 518190
1.485 42956
1.486 0
1.487 10838
1.488 951616
1.489 2766796
1.490 2617910
1.491 2893352
1.492 2677276
1.493 2068844
1.494 788774
1.495 3041288
1.496 2978390
1.497 3003046
1.498 1681750
1.499 756756
1.500 3058072
1.501 2526288
1.502 2650608
1.503 2464250
1.504 1671700
1.505 1140954
1.506 2675120
1.507 2917824
1.508 2861850
1.509 2887184
1.510 1532568
1.511 162334
1.512 0
1.513 1999418
1.514 2352402
1.515 2249844
1.516 2101154
1.517 1148868
1.518 15590
1.519 1048598
1.520 2534144
1.521 2403394
1.522 2289520
1.523 1005850
1.524 2809234
1.525 2270678
1.526 2275344
1.527 1489266
1.528 1338938
1.529 2481304
1.530 2633934
1.531 1973948
1.532 673326
1.533 2524048
1.534 2399580
1.535 2775468
1.536 2334346
1.537 1240432
1.538 360466
1.539 2550814
1.540 2510840
1.541 2210362
1.542 2403908
1.543 552366
1.544 3082674
1.545 2614020
1.546 2277504
1.547 1125664
1.548 2707822
1.549 2617640
1.550 2219694
1.551 1287880
1.552 182476
1.553 614038
1.554 2965834
1.555 2440930
1.556 2286356
1.557 1453910
1.558 172232
1.559 2799552
1.560 2536802
1.561 2268644
1.562 1155358
1.563 2663436
1.564 2589102
1.565 2292904
1.566 1858626
1.567 798660
1.568 2589102
1.569 2262822
1.570 2097028
1.571 1543954
1.572 144768
1.573 44706
1.574 106400
1.575 2858130
1.576 2365678
1.577 2311150
1.578 1622880
1.579 762326
1.580 2791602
1.581 2354714
1.582 2607766
1.583 1660254
1.584 388638
1.585 0
1.586 0
1.587 2217020
1.588 2586826
1.589 2512154
1.590 2686664
1.591 1753846
1.592 900918
1.593 519338
1.594 519692
1.595 2365074
1.596 2566606
1.597 2578026
1.598 2433400
1.599 2082398
1.600 1094460
1.601 1039384
1.602 2468104
1.603 2651916
1.604 2580630
1.605 2279128
1.606 2171134
1.607 1057062
1.608 1353450
1.609 2614416
1.610 2800592
1.611 2291326
1.612 1754580
1.613 216330
1.614 2985454
1.615 2488468
1.616 2201282
1.617 1700590
1.618 352320
1.619 0
1.620 2078484
1.621 2273066
1.622 2191536
1.623 1833722
1.624 638704
1.625 0
1.626 0
1.627 0
1.628 1001334
1.629 2298330
1.630 2461280
1.631 1877584
1.632 1036776
1.633 0
1.634 0
1.635 2006400
1.636 2488814
1.637 2334496
1.638 1805530
1.639 806776
1.640 2708632
1.641 2493320
1.642 2333880
1.643 1929698
1.644 825762
1.645 144304
1.646 1055146
1.647 2816582
1.648 3122928
1.649 2477844
1.650 1780640
1.651 428348
1.652 280222
1.653 3077598
1.654 2256274
1.655 2534110
1.656 1950532
1.657 1665528
1.658 2359026
1.659 2508264
1.660 2014958
1.661 1425760
1.662 1244
1.663 2661854
1.664 2426886
1.665 2337424
1.666 1866766
1.667 658154
1.668 213756
1.669 3122658
1.670 2304262
1.671 2263598
1.672 1818162
1.673 483804
1.674 1025312
1.675 2360528
1.676 2289782
1.677 2167242
1.678 747388
1.679 0
1.680 0
1.681 0
1.682 0
1.683 1945984
1.684 2275800
1.685 2334074
1.686 1644394
1.687 304948
1.688 1236564
1.689 2497210
1.690 2693280
1.691 2144518
1.692 1549616
1.693 0
1.694 1335102
1.695 2379708
1.696 2738722
1.697 2312202
1.698 1507774
1.699 705180
1.700 2756170
1.701 2970804
1.702 2256192
1.703 1678940
1.704 370614
1.705 199878
1.706 506174
1.707 2708910
1.708 2394242
1.709 2261860
1.710 2435678
1.711 1606582
1.712 2416988
1.713 2423572
1.714 2092286
1.715 1572414
1.716 3122658
1.717 2438268
1.718 2108516
1.719 1325084
1.720 557844
1.721 2590334
1.722 2543620
1.723 2030788
1.724 1420236
1.725 3121480
1.726 2588140
1.727 2287284
1.728 1473436
1.729 289118
1.730 64032
1.731 3121426
1.732 2651342
1.733 2586536
1.734 166916
1.735 2658688
1.736 2533258
1.737 2188726
1.738 1807150
1.739 614506
1.740 2426494
1.741 2472998
1.742 2403242
1.743 2457924
1.744 608740
1.745 1519902
1.746 2203704
1.747 2613598
1.748 1924584
1.749 1115280
1.750 2856628
1.751 2345162
1.752 2153758
1.753 1790116
1.754 146352
1.755 907302
1.756 2628500
1.757 2254426
1.758 2600240
1.759 1111876
1.760 367824
1.761 2819524
1.762 2103880
1.763 2316708
1.764 922484
1.765 403652
1.766 3122636
1.767 2404010
1.768 2107702
1.769 791908
1.770 45946
1.771 2867088
1.772 2355946
1.773 2049504
1.774 1695732
1.775 628848
1.776 2561180
1.777 2169352
1.778 2166972
1.779 1111142
1.780 0
1.781 2378884
1.782 2297098
1.783 2680614
1.784 1558628
1.785 100288
1.786 1525640
1.787 2174280
1.788 2594612
1.789 1874006
1.790 678114
1.791 0
1.792 1783292
1.793 2555788
1.794 2364612
1.795 2052356
1.796 1365302
1.797 2987410
1.798 2307454
1.799 2490282
1.800 2403444
1.801 510016
1.802 0
1.803 2090338
1.804 2247262
1.805 2238022
1.806 1557700
1.807 627034
1.808 2592546
1.809 2395344
1.810 2295638
1.811 1901506
1.812 425842
1.813 938412
1.814 2466554
1.815 2275378
1.816 2125526
1.817 1836650
1.818 572446
1.819 3122658
1.820 2878296
1.821 2294642
1.822 1208274
1.823 16792
1.824 1514164
1.825 2467528
1.826 2183252
1.827 2498560
1.828 1133174
1.829 637126
1.830 2543156
1.831 2251346
1.832 2037184
1.833 1043282
1.834 2383444
1.835 2296828
1.836 2505302
1.837 1488262
1.838 561166
1.839 3119654
1.840 3042672
1.841 2332774
1.842 152166
1.843 106400
1.844 1386926
1.845 2570808
1.846 2362278
1.847 2304498
1.848 1444974
1.849 317698
1.850 2724344
1.851 2390222
1.852 2087130
1.853 1695310
1.854 133638
1.855 1456180
1.856 2929012
1.857 3043924
1.858 2451922
1.859 2709194
1.860 1324544
1.861 868628
1.862 2895910
1.863 2458428
1.864 2608746
1.865 2199324
1.866 1016052
1.867 965282
1.868 1324210
1.869 3002498
1.870 3034310
1.871 2713962
1.872 2885350
1.873 1837418
1.874 1235440
1.875 3122658
1.876 3122400
1.877 2921328
1.878 2439062
1.879 1969864
1.880 1022330
1.881 626092
1.882 518190
1.883 518190
1.884 626092
1.885 518190
1.886 523506
1.887 3113632
1.888 2648926
1.889 2332032
1.890 2072728
1.891 1728506
1.892 2607836
1.893 2617694
1.894 2841362
1.895 2374898
1.896 2092032
1.897 884534
1.898 2893792
1.899 2432278
1.900 2723978
1.901 1994512
1.902 880408
1.903 2439666
1.904 2633634
1.905 2856998
1.906 2412102
1.907 2262720
1.908 1601074
1.909 2599962
1.910 2775350
1.911 2420242
1.912 1904822
1.913 549344
1.914 2743538
1.915 2559678
1.916 2086846
1.917 1790476
1.918 1170422
1.919 2468672
1.920 2720240
1.921 2092370
1.922 1092890
1.923 1511948
1.924 2359026
1.925 2437594
1.926 2204286
1.927 1573648
1.928 219334
1.929 0
1.930 282416
1.931 2975520
1.932 2413696
1.933 2201670
1.934 1735864
1.935 25546
1.936 0
1.937 1636636
1.938 2375548
1.939 2723702
1.940 2454622
1.941 2151108
1.942 218510
1.943 0
1.944 743858
1.945 2803618
1.946 2567790
1.947 2552210
1.948 1603376
1.949 686356
1.950 3111184
1.951 2744964
1.952 2583060
1.953 1421620
1.954 409396
1.955 438138
1.956 2529110
1.957 2181368
1.958 2506950
1.959 1045594
1.960 166840
1.961 0
1.962 2325572
1.963 2557560
1.964 2552632
1.965 2443568
1.966 1983922
1.967 1282120
1.968 2893738
1.969 2708412
1.970 2735336
1.971 2909112
1.972 2091630
1.973 1162666
1.974 2604184
1.975 2889848
1.976 3085032
1.977 2582520
1.978 2695178
1.979 1383038
1.980 1476020
1.981 2874828
1.982 3122042
1.983 2767072
1.984 2569176
1.985 1155046
1.986 2484024
1.987 2637836
1.988 2468520
1.989 2536540
1.990 1159954
1.991 1392794
1.992 2235862
1.993 2471178
1.994 1797298
1.995 866856
1.996 2715872
1.997 2449070
1.998 2216454
1.999 1794324
2.000 690312
2.001 0
2.002 1519178
2.003 2247878
2.004 2533030
2.005 1897768
2.006 879294
2.007 190502
2.008 3122658
2.009 2688774
2.010 2247540
2.011 1663034
2.012 1115604
2.013 2415216
2.014 2407630
2.015 2056246
2.016 1252912
2.017 1282002
2.018 2543772
2.019 2820680
2.020 2220926
2.021 1750192
2.022 98980
2.023 0
2.024 1454408
2.025 2383674
2.026 2498366
2.027 2174288
2.028 1781492
2.029 20412
2.030 0
2.031 0
2.032 0
2.033 2205574
2.034 2498766
2.035 2849676
2.036 2647416
2.037 2346244
2.038 15290
2.039 2377274
2.040 2382442
2.041 2163884
2.042 1590516
2.043 331292
2.044 792772
2.045 2283040
2.046 2474798
2.047 2020350
2.048 1444552
2.049 2345732
2.050 2355406
2.051 2341612
2.052 1645356
2.053 263702
2.054 397800
2.055 2716244
2.056 2296136
2.057 2284896
2.058 1253140
2.059 153592
2.060 0
2.061 1252438
2.062 2352132
2.063 2674294
2.064 1943714
2.065 877986
2.066 10838
2.067 106400
2.068 0
2.069 1703420
2.070 2862066
2.071 3004464
2.072 2663336
2.073 2505026
2.074 878096
2.075 518190
2.076 519692
2.077 518298
2.078 3019548
2.079 2717118
2.080 2475456
2.081 1911286
2.082 976882
2.083 2755414
2.084 2832472
2.085 2576664
2.086 2731682
2.087 1969788
2.088 897470
2.089 519692
2.090 2189740
2.091 2563914
2.092 2682496
2.093 2386838
2.094 1869888
2.095 603382
2.096 2152352
2.097 2581938
2.098 2878400
2.099 2315282
2.100 2330392
2.101 2263986
2.102 2643228
2.103 3122312
2.104 2685778
2.105 1981458
2.106 632622
2.107 3021070
2.108 2814132
2.109 2627386
2.110 2187384
2.111 1127934
2.112 523452
2.113 3091718
2.114 2698478
2.115 2408258
2.116 2849226
2.117 1610248
2.118 667276
2.119 519692
2.120 518190
2.121 518248
2.122 2986980
2.123 2764004
2.124 2549088
2.125 2274048
2.126 2333660
2.127 1186512
2.128 2789214
2.129 2696360
2.130 2461550
2.131 2494374
2.132 998144
2.133 3122658
2.134 2770574
2.135 2701172
2.136 2659586
2.137 2560538
2.138 1256600
2.139 1048720
2.140 1320082
2.141 2973960
2.142 2959210
2.143 2686116
2.144 2891628
2.145 1980454
2.146 1135360
2.147 2591898
2.148 2865200
2.149 2722164
2.150 2718932
2.151 2579060
2.152 1337286
2.153 2179280
2.154 2909644
2.155 3121696
2.156 2866550
2.157 2543164
2.158 1873822
2.159 3097002
2.160 2949928
2.161 2977234
2.162 2944232
2.163 2802152
2.164 1917488
2.165 1831630
2.166 3122416
2.167 3040934
2.168 3032538
2.169 3122506
2.170 2996650
2.171 2923254
2.172 1577370
2.173 1555814
2.174 1777706
2.175 3122712
2.176 3122658
2.177 3079100
2.178 2943498
2.179 3123400
2.180 2145750
2.181 1602342
2.182 1603520
2.183 1554570
2.184 1919668
2.185 2549150
2.186 3122346
2.187 3122770
2.188 3122308
2.189 3122658
2.190 3122928
2.191 3122042
2.192 3123738
2.193 3121738
2.194 3019112
2.195 2147708
2.196 2074262
2.197 2395082
2.198 3122658
2.199 3122658
2.200 3122658
2.201 3122658
2.202 3121966
2.203 3122582
2.204 3123434
2.205 2846492
2.206 2150636
2.207 2074262
2.208 2340642
2.209 3122658
2.210 3122658
2.211 3122658
2.212 3122658
2.213 3122042
2.214 3123814
2.215 3122020
2.216 3122506
2.217 3122514
2.218 2629242
2.219 2153648
2.220 3122658
2.221 3122658
2.222 3122658
2.223 3122658
2.224 3122658
2.225 3122716
2.226 3122924
2.227 3122582
2.228 3122700
2.229 3122956
2.230 2581656
2.231 3122712
2.232 3122716
2.233 3122712
2.234 3121488
2.235 3122658
2.236 3122990
2.237 3122658
2.238 3122658
2.239 3123046
2.240 3123046
2.241 3113198
2.242 2558852
2.243 3122658
2.244 3122658
2.245 3122770
2.246 3122658
2.247 3122936
2.248 3122712
2.249 3122658
2.250 3122636
2.251 3121544
2.252 3123728
2.253 2758790
2.254 2164378
2.255 3122658
2.256 3122658
2.257 3122658
2.258 3122658
2.259 3122658
2.260 3122658
2.261 3123256
2.262 3123042
2.263 3121518
2.264 2330454
2.265 2611856
2.266 3122658
2.267 3122658
2.268 3122658
2.269 3122658
2.270 3123544
2.271 3122424
2.272 3121460
2.273 3122762
2.274 2540852
2.275 2863284
2.276 3122658
2.277 3122658
2.278 3122658
2.279 3105422
2.280 3089268
2.281 3118194
2.282 3113240
2.283 1705320
2.284 3076784
2.285 3122658
2.286 3122658
2.287 3122928
2.288 3070628
2.289 3053034
2.290 2848306
2.291 1833022
2.292 1777608
2.293 3122658
2.294 3083718
2.295 3122658
2.296 3058404
2.297 3121426
2.298 3100710
2.299 3055464
2.300 2213968
2.301 1623240
2.302 1603272
2.303 3123752
2.304 3122712
2.305 3122770
2.306 3122658
2.307 3122042
2.308 3123198
2.309 3122008
2.310 3122708
2.311 2621074
2.312 2259026
2.313 3122658
2.314 3122716
2.315 3122358
2.316 3122658
2.317 3122658
2.318 3122770
2.319 3122982
2.320 3121426
2.321 3123454
2.322 3123006
2.323 3122590
2.324 2724082
2.325 2338110
2.326 2997380
2.327 3122936
2.328 2999880
2.329 3122716
2.330 3122628
2.331 3075134
2.332 2888658
2.333 2740474
2.334 2640232
2.335 3122658
2.336 2992870
2.337 2995528
2.338 2932022
2.339 3122784
2.340 2100420
2.341 1556072
2.342 2767794
2.343 3122658
2.344 3122658
2.345 2820852
2.346 2886054
2.347 1932930
2.348 1195980
2.349 1238542
2.350 3065852
2.351 2705426
2.352 2823760
2.353 2637250
2.354 2218158
2.355 1100058
2.356 2813016
2.357 2846290
2.358 2985284
2.359 2874366
2.360 2896674
2.361 2006450
2.362 1037882
2.363 1037882
2.364 1036380
2.365 1038638
2.366 3092442
2.367 2964948
2.368 2891474
2.369 3106710
2.370 2671990
2.371 2083040
2.372 3123864
2.373 3082428
2.374 2780666
2.375 2516122
2.376 2073168
2.377 1225402
2.378 2688580
2.379 2827034
2.380 2414836
2.381 2238570
2.382 818286
2.383 519692
2.384 2419546
2.385 2575314
2.386 2561990
2.387 2341086
2.388 1880132
2.389 1438848
2.390 2636896
2.391 2834198
2.392 2450960
2.393 2374560
2.394 224012
2.395 941102
2.396 2651916
2.397 2532296
2.398 2293866
2.399 2030180
2.400 352244
2.401 0
2.402 491630
2.403 2928642
2.404 2663032
2.405 2444682
2.406 1871942
2.407 736182
2.408 532396
2.409 2777468
2.410 2441906
2.411 2263052
2.412 2508238
2.413 1074900
2.414 36380
2.415 2816528
2.416 2337652
2.417 1879432
2.418 1471588
2.419 2312
2.420 3098018
2.421 2484552
2.422 2152040
2.423 1850340
2.424 310956
2.425 2472602
2.426 2343120
2.427 2231668
2.428 2202058
2.429 701636
2.430 518936
2.431 2918040
2.432 2877598
2.433 2320324
2.434 2628710
2.435 286924
2.436 2146830
2.437 2525002
2.438 2558716
2.439 2663048
2.440 2225156
2.441 964300
2.442 2652802
2.443 2282348
2.444 2220116
2.445 1708094
2.446 625108
2.447 2755554
2.448 2560218
2.449 2330184
2.450 2079510
2.451 1344510
2.452 2591836
2.453 2505876
2.454 2136350
2.455 1920588
2.456 1435076
2.457 2322092
2.458 2335140
2.459 2007760
2.460 666942
2.461 54
2.462 0
2.463 1527250
2.464 2338884
2.465 2373426
2.466 2025034
2.467 963718
2.468 567472
2.469 2559678
2.470 2317434
2.471 2098454
2.472 1449674
2.473 22800
2.474 6764
2.475 3075380
2.476 2292322
2.477 2226200
2.478 1778730
2.479 146428
2.480 2934732
2.481 2385716
2.482 2028628
2.483 1495004
2.484 439098
2.485 3123198
2.486 2312928
2.487 2101112
2.488 1685218
2.489 1404604
2.490 2483692
2.491 2780050
2.492 2103078
2.493 1589900
2.494 1468002
2.495 2278804
2.496 2382484
2.497 1831064
2.498 1053880
2.499 2820252
2.500 2852064
2.501 2674820
2.502 2524566
2.503 979388
2.504 518190
2.505 826152
2.506 2852622
2.507 2916538
2.508 2444758
2.509 2700452
2.510 1277324
2.511 1657318
2.512 2572980
2.513 2750702
2.514 2375784
2.515 2114790
2.516 699142
2.517 532648
2.518 3015624
2.519 2652586
2.520 2350866
2.521 2181570
2.522 1215466
2.523 2530224
2.524 2473772
2.525 2139430
2.526 1988124
2.527 1198008
2.528 2684398
2.529 2315662
2.530 2553214
2.531 1255916
2.532 156326
2.533 2906810
2.534 2426270
2.535 2155454
2.536 1145730
2.537 1318234
2.538 2322362
2.539 2244646
2.540 2092294
2.541 908970
2.542 2579690
2.543 2261666
2.544 2282854
2.545 1474128
2.546 268360
2.547 407730
2.548 2878102
2.549 2436438
2.550 2314008
2.551 1935166
2.552 575004
2.553 0
2.554 0
2.555 789184
2.556 2720392
2.557 2525672
2.558 2102766
2.559 1957350
2.560 366032
2.561 0
2.562 2294026
2.563 2465052
2.564 2383474
2.565 2435948
2.566 734140
2.567 1816174
2.568 2312464
2.569 2659040
2.570 2309274
2.571 2059410
2.572 2035736
2.573 2793720
2.574 2960290
2.575 2503724
2.576 2177140
2.577 932826
2.578 2270482
2.579 2515288
2.580 2740458
2.581 2362654
2.582 1806880
2.583 1694458
2.584 2721624
2.585 3123198
2.586 2754346
2.587 1988044
2.588 1270396
2.589 2813300
2.590 2612532
2.591 2221846
2.592 2188616
2.593 939610
2.594 4506
2.595 6008
2.596 6008
2.597 7510
2.598 7510
2.599 7510
2.600 9012
2.601 9012
2.602 3890
2.603 0
2.604 2429152
2.605 2434796
2.606 2341044
2.607 2163352
2.608 788946
2.609 12016
2.610 13518
2.611 15020
2.612 1657740
2.613 2560348
2.614 2339348
2.615 2088058
2.616 1143882
2.617 2034710
2.618 2438390
2.619 2194424
2.620 2217920
2.621 767294
2.622 238534
2.623 1404086
2.624 2264400
2.625 2606088
2.626 1903312
2.627 935890
2.628 3122658
2.629 2658810
2.630 2377556
2.631 1788164
2.632 415944
2.633 0
2.634 489422
2.635 2568690
2.636 2209982
2.637 2175326
2.638 1621788
2.639 191874
2.640 3122042
2.641 2333762
2.642 2090404
2.643 2070118
2.644 844520
2.645 2461162
2.646 2280424
2.647 2082050
2.648 1015284
2.649 49678
2.650 461114
2.651 686724
2.652 3123314
2.653 2486890
2.654 2199628
2.655 1745720
2.656 971724
2.657 2789808
2.658 2347820
2.659 2420920
2.660 1633610
2.661 737948
2.662 506174
2.663 2839206
2.664 2396630
2.665 2238562
2.666 1873660
2.667 711686
2.668 2328950
2.669 2400466
2.670 2589566
2.671 2181106
2.672 1301516
2.673 2208790
2.674 2495092
2.675 2723514
2.676 2093720
2.677 1280488
2.678 1937890
2.679 2505336
2.680 2408822
2.681 2432556
2.682 1795210
2.683 2659578
2.684 2801284
2.685 2748044
2.686 2980862
2.687 2395816
2.688 1475546
2.689 1036380
2.690 1037882
2.691 1037936
2.692 3042552
2.693 2899746
2.694 2750356
2.695 2915518
2.696 2758266
2.697 1812444
2.698 3009356
2.699 3001024
2.700 3028302
2.701 3061208
2.702 2761190
2.703 1123082
2.704 518190
2.705 518190
2.706 801784
2.707 2880836
2.708 2510036
2.709 2518626
2.710 2172710
2.711 1243664
2.712 1817244
2.713 2649528
2.714 2764118
2.715 2332204
2.716 2253320
2.717 794414
2.718 3101630
2.719 2557484
2.720 2477380
2.721 1939284
2.722 815206
2.723 917834
2.724 2332970
2.725 2861642
2.726 3111182
2.727 2819954
2.728 2101930
2.729 608850
2.730 2139536
2.731 2830038
2.732 2564184
2.733 2657004
2.734 2275386
2.735 1192444
2.736 519692
2.737 698902
2.738 3122658
2.739 3092646
2.740 2649916
2.741 2323850
2.742 1546148
2.743 519692
2.744 2757994
2.745 2727070
2.746 2540692
2.747 2747318
2.748 1932778
2.749 867430
2.750 2281474
2.751 2621522
2.752 2750496
2.753 2662526
2.754 2383246
2.755 910026
2.756 519692
2.757 1857272
2.758 3041550
2.759 3055054
2.760 2886810
2.761 2864828
2.762 1014550
2.763 545854
2.764 1712324
2.765 2916642
2.766 2706604
2.767 3012784
2.768 2594654
2.769 1963974
2.770 1037882
2.771 1047218
2.772 1037882
2.773 1364346
2.774 3122658
2.775 2978466
2.776 2710826
2.777 3088230
2.778 2634668
2.779 2457516
2.780 1982744
2.781 2782590
2.782 3077868
2.783 2797188
2.784 2608518
2.785 2210330
2.786 2153090
2.787 2589448
2.788 2661738
2.789 2312624
2.790 2219930
2.791 605154
2.792 2532088
2.793 2637512
2.794 2469060
2.795 2592460
2.796 1322848
2.797 573688
2.798 518190
2.799 874312
2.800 2853184
2.801 2586368
2.802 2460664
2.803 2370628
2.804 1260788
2.805 3123918
2.806 3122582
2.807 2697330
2.808 2007608
2.809 670842
2.810 3085894
2.811 2793990
2.812 2530026
2.813 2237490
2.814 1467116
2.815 518190
2.816 1823414
2.817 2635394
2.818 2677104
2.819 2619296
2.820 2516592
2.821 1374270
2.822 3110574
2.823 2646232
2.824 2582452
2.825 2502276
2.826 2127000
2.827 802034
2.828 2601720
2.829 2555788
2.830 2511538
2.831 2681694
2.832 1822052
2.833 805384
2.834 2733712
2.835 2750162
2.836 2566150
2.837 2784792
2.838 1940364
2.839 1533710
2.840 2783206
2.841 2804158
2.842 2390804
2.843 2401208
2.844 918498
2.845 2911262
2.846 2546160
2.847 2382830
2.848 2403520
2.849 1840900
2.850 2742976
2.851 2972166
2.852 2709380
2.853 2872414
2.854 2027738
2.855 2984474
2.856 3123544
2.857 2901020
2.858 2572200
2.859 2229288
2.860 1086756
2.861 1036380
2.862 1483912
2.863 2974338
2.864 3123544
2.865 3061076
2.866 3002422
2.867 3122666
2.868 2405832
2.869 1557574
2.870 2954150
2.871 3122658
2.872 3015426
2.873 2913486
2.874 2511850
2.875 2087948
2.876 1036380
2.877 2067440
2.878 3122658
2.879 3003654
2.880 2949236
2.881 2638288
2.882 2881738
2.883 1144102
2.884 1165260
2.885 3122658
2.886 2818908
2.887 2473296
2.888 2441222
2.889 1508404
2.890 533142
2.891 3121156
2.892 2680454
2.893 2625510
2.894 2438390
2.895 1708942
2.896 2481304
2.897 2294094
2.898 2139624
2.899 1731974
2.900 71674
2.901 1292084
2.902 2383674
2.903 2707684
2.904 2213428
2.905 1405694
2.906 34816
2.907 0
2.908 12082
2.909 1562444
2.910 2356638
2.911 2680032
2.912 2025514
2.913 1886886
2.914 3122658
2.915 2460878
2.916 2238110
2.917 2484012
2.918 748198
2.919 710270
2.920 2467170
2.921 2265134
2.922 2176482
2.923 1173436
2.924 219404
2.925 582816
2.926 3122990
2.927 2796108
2.928 2371514
2.929 1392930
2.930 234354
2.931 1642850
2.932 2376434
2.933 2218572
2.934 1931622
2.935 771820
2.936 2016848
2.937 2380428
2.938 2364384
2.939 1712946
2.940 562254
2.941 1218918
2.942 2646794
2.943 2674986
2.944 2168356
2.945 1916028
2.946 93620
2.947 3082166
2.948 2473178
2.949 2064718
2.950 1611022
2.951 3122658
2.952 2787056
2.953 2299148
2.954 1362322
2.955 591096
2.956 589678
2.957 3122770
2.958 2628956
2.959 2389842
2.960 2073384
2.961 919114
2.962 2720400
2.963 2655190
2.964 2349170
2.965 2400862
2.966 974234
2.967 3096030
2.968 2560834
2.969 2470638
2.970 2233946
2.971 1075710
2.972 519692
2.973 2104396
2.974 2495106
2.975 2603008
2.976 2056018
2.977 961558
2.978 2946240
2.979 2377936
2.980 2163462
2.981 1667312
2.982 200770
2.983 0
2.984 10838
2.985 1205130
2.986 2398694
2.987 2694782
2.988 2198936
2.989 1793750
2.990 417488
2.991 2693972
2.992 2484502
2.993 2076346
2.994 1585934
2.995 97478
2.996 436852
2.997 2772076
2.998 2270256
2.999 2167470
